0.000000,0.000000,0.000000,0.000000,0.000000,0.000000,0.000000,0.000000,0.000000,0.000000,0.000000,0.000000,0.000000,0.000000,0.000000,0.000000,0.000000,0.000000,0.000000,0.000000,0.000000,0.000000,0.000000,0.000000,0.000000,0.000000,0.000000,0.000000,0.000000,0.000000,0.000000,0.000000,0.000000,0.000000,0.000000,0.000000,0.000000,0.000000,0.000000,0.000000,0.000000,0.000000,0.000000,0.000000,0.000000,0.000000,0.000000,0.000000,0.000000,0.000000,0.000000,0.000000,0.000000,0.000000,0.000000,0.000000,0.000000,0.000000,0.000000,0.000000,0.000000,0.000000,0.000000,0.000000,0.000000,0.000000,0.000000,0.000000,0.000000,0.000000,0.000000,0.000000,0.000000,0.000000,0.000000,0.000000,0.000000,0.000000,0.000000,0.000000,0.000000,0.000000,0.000000,0.000000,0.000000,0.000000,0.000000,0.000000,0.000000,0.000000,0.000000,0.000000,0.000000,0.000000,0.000000,0.000000,0.000000,0.000000,0.000000,0.000000
0.000000,0.000000,0.000000,0.000000,0.000000,0.000000,0.000000,0.000000,0.000000,0.000000,0.000000,0.000000,0.000000,0.000000,0.000000,0.000000,0.000000,0.000000,0.000000,0.000000,0.000000,0.000000,0.000000,0.000000,0.000000,0.000000,0.000000,0.000000,0.000000,0.000000,0.000000,0.000000,0.000000,0.000000,0.000000,0.000000,0.000000,0.000000,0.000000,0.000000,0.000000,0.000000,0.000000,0.000000,0.000000,0.000000,0.000000,0.000000,0.000000,0.000000,0.000000,0.000000,0.000000,0.000000,0.000000,0.000000,0.000000,0.000000,0.000000,0.000000,0.000000,0.000000,0.000000,0.000000,0.000000,0.000000,0.000000,0.000000,0.000000,0.000000,0.000000,0.000000,0.000000,0.000000,0.000000,0.000000,0.000000,0.000000,0.000000,0.000000,0.000000,0.000000,0.000000,0.000000,0.000000,0.000000,0.000000,0.000000,0.000000,0.000000,0.000000,0.000000,0.000000,0.000000,0.000000,0.000000,0.000000,0.000000,0.000000,0.000000
0.000000,0.000000,0.000000,0.000000,0.000000,0.000000,0.000000,0.000000,0.000000,0.000000,0.000000,0.000000,0.000000,0.000000,0.000000,0.000000,0.000000,0.000000,0.000000,0.000000,0.000000,0.000000,0.000000,0.000000,0.000000,0.000000,0.000000,0.000000,0.000000,0.000000,0.000000,0.000000,0.000000,0.000000,0.000000,0.000000,0.000000,0.000000,0.000000,0.000000,0.000000,0.000000,0.000000,0.000000,0.000000,0.000000,0.000000,0.000000,0.000000,0.000000,0.000000,0.000000,0.000000,0.000000,0.000000,0.000000,0.000000,0.000000,0.000000,0.000000,0.000000,0.000000,0.000000,0.000000,0.000000,0.000000,0.000000,0.000000,0.000000,0.000000,0.000000,0.000000,0.000000,0.000000,0.000000,0.000000,0.000000,0.000000,0.000000,0.000000,0.000000,0.000000,0.000000,0.000000,0.000000,0.000000,0.000000,0.000000,0.000000,0.000000,0.000000,0.000000,0.000000,0.000000,0.000000,0.000000,0.000000,0.000000,0.000000,0.000000
0.000000,0.000000,0.000000,0.000000,0.000000,0.000000,0.000000,0.000000,0.000000,0.000000,0.000000,0.000000,0.000000,0.000000,0.000000,0.000000,0.000000,0.000000,0.000000,0.000000,0.000000,0.000000,0.000000,0.000000,0.000000,0.000000,0.000000,0.000000,0.000000,0.000000,0.000000,0.000000,0.000000,0.000000,0.000000,0.000000,0.000000,0.000000,0.000000,0.000000,0.000000,0.000000,0.000000,0.000000,0.000000,0.000000,0.000000,0.000000,0.000000,0.000000,0.000000,0.000000,0.000000,0.000000,0.000000,0.000000,0.000000,0.000000,0.000000,0.000000,0.000000,0.000000,0.000000,0.000000,0.000000,0.000000,0.000000,0.000000,0.000000,0.000000,0.000000,0.000000,0.000000,0.000000,0.000000,0.000000,0.000000,0.000000,0.000000,0.000000,0.000000,0.000000,0.000000,0.000000,0.000000,0.000000,0.000000,0.000000,0.000000,0.000000,0.000000,0.000000,0.000000,0.000000,0.000000,0.000000,0.000000,0.000000,0.000000,0.000000
0.000000,0.000000,0.000000,0.000000,0.000000,0.000000,0.000000,0.000000,0.000000,0.000000,0.000000,0.000000,0.000000,0.000000,0.000000,0.000000,0.000000,0.000000,0.000000,0.000000,0.000000,0.000000,0.000000,0.000000,0.000000,0.000000,0.000000,0.000000,0.000000,0.000000,0.000000,0.000000,0.000000,0.000000,0.000000,0.000000,0.000000,0.000000,0.000000,0.000000,0.000000,0.000000,0.000000,0.000000,0.000000,0.000000,0.000000,0.000000,0.000000,0.000000,0.000000,0.000000,0.000000,0.000000,0.000000,0.000000,0.000000,0.000000,0.000000,0.000000,0.000000,0.000000,0.000000,0.000000,0.000000,0.000000,0.000000,0.000000,0.000000,0.000000,0.000000,0.000000,0.000000,0.000000,0.000000,0.000000,0.000000,0.000000,0.000000,0.000000,0.000000,0.000000,0.000000,0.000000,0.000000,0.000000,0.000000,0.000000,0.000000,0.000000,0.000000,0.000000,0.000000,0.000000,0.000000,0.000000,0.000000,0.000000,0.000000,0.000000
0.000000,0.000000,0.000000,0.000000,0.000000,0.000000,0.000000,0.000000,0.000000,0.000000,0.000000,0.000000,0.000000,0.000000,0.000000,0.000000,0.000000,0.000000,0.000000,0.000000,0.000000,0.000000,0.000000,0.000000,0.000000,0.000000,0.000000,0.000000,0.000000,0.000000,0.000000,0.000000,0.000000,0.000000,0.000000,0.000000,0.000000,0.000000,0.000000,0.000000,0.000000,0.000001,0.000001,0.000001,0.000001,0.000001,0.000001,0.000001,0.000001,0.000001,0.000001,0.000001,0.000001,0.000001,0.000001,0.000001,0.000001,0.000001,0.000001,0.000001,0.000000,0.000000,0.000000,0.000000,0.000000,0.000000,0.000000,0.000000,0.000000,0.000000,0.000000,0.000000,0.000000,0.000000,0.000000,0.000000,0.000000,0.000000,0.000000,0.000000,0.000000,0.000000,0.000000,0.000000,0.000000,0.000000,0.000000,0.000000,0.000000,0.000000,0.000000,0.000000,0.000000,0.000000,0.000000,0.000000,0.000000,0.000000,0.000000,0.000000
0.000000,0.000000,0.000000,0.000000,0.000000,0.000000,0.000000,0.000000,0.000000,0.000000,0.000000,0.000000,0.000000,0.000000,0.000000,0.000000,0.000000,0.000000,0.000000,0.000000,0.000000,0.000000,0.000000,0.000000,0.000000,0.000000,0.000000,0.000000,0.000000,0.000000,0.000000,0.000000,0.000000,0.000000,0.000000,0.000000,0.000000,0.000001,0.000001,0.000001,0.000001,0.000001,0.000001,0.000001,0.000001,0.000001,0.000001,0.000001,0.000001,0.000001,0.000001,0.000001,0.000001,0.000001,0.000001,0.000001,0.000001,0.000001,0.000001,0.000001,0.000001,0.000001,0.000001,0.000001,0.000000,0.000000,0.000000,0.000000,0.000000,0.000000,0.000000,0.000000,0.000000,0.000000,0.000000,0.000000,0.000000,0.000000,0.000000,0.000000,0.000000,0.000000,0.000000,0.000000,0.000000,0.000000,0.000000,0.000000,0.000000,0.000000,0.000000,0.000000,0.000000,0.000000,0.000000,0.000000,0.000000,0.000000,0.000000,0.000000
0.000000,0.000000,0.000000,0.000000,0.000000,0.000000,0.000000,0.000000,0.000000,0.000000,0.000000,0.000000,0.000000,0.000000,0.000000,0.000000,0.000000,0.000000,0.000000,0.000000,0.000000,0.000000,0.000000,0.000000,0.000000,0.000000,0.000000,0.000000,0.000000,0.000000,0.000000,0.000000,0.000000,0.000000,0.000001,0.000001,0.000001,0.000001,0.000001,0.000001,0.000001,0.000001,0.000001,0.000001,0.000001,0.000001,0.000001,0.000001,0.000001,0.000001,0.000001,0.000001,0.000001,0.000001,0.000001,0.000001,0.000001,0.000001,0.000001,0.000001,0.000001,0.000001,0.000001,0.000001,0.000001,0.000001,0.000001,0.000000,0.000000,0.000000,0.000000,0.000000,0.000000,0.000000,0.000000,0.000000,0.000000,0.000000,0.000000,0.000000,0.000000,0.000000,0.000000,0.000000,0.000000,0.000000,0.000000,0.000000,0.000000,0.000000,0.000000,0.000000,0.000000,0.000000,0.000000,0.000000,0.000000,0.000000,0.000000,0.000000
0.000000,0.000000,0.000000,0.000000,0.000000,0.000000,0.000000,0.000000,0.000000,0.000000,0.000000,0.000000,0.000000,0.000000,0.000000,0.000000,0.000000,0.000000,0.000000,0.000000,0.000000,0.000000,0.000000,0.000000,0.000000,0.000000,0.000000,0.000000,0.000000,0.000000,0.000000,0.000000,0.000001,0.000001,0.000001,0.000001,0.000001,0.000001,0.000001,0.000001,0.000001,0.000001,0.000001,0.000002,0.000002,0.000002,0.000002,0.000002,0.000002,0.000002,0.000002,0.000002,0.000002,0.000002,0.000002,0.000002,0.000002,0.000002,0.000001,0.000001,0.000001,0.000001,0.000001,0.000001,0.000001,0.000001,0.000001,0.000001,0.000001,0.000000,0.000000,0.000000,0.000000,0.000000,0.000000,0.000000,0.000000,0.000000,0.000000,0.000000,0.000000,0.000000,0.000000,0.000000,0.000000,0.000000,0.000000,0.000000,0.000000,0.000000,0.000000,0.000000,0.000000,0.000000,0.000000,0.000000,0.000000,0.000000,0.000000,0.000000
0.000000,0.000000,0.000000,0.000000,0.000000,0.000000,0.000000,0.000000,0.000000,0.000000,0.000000,0.000000,0.000000,0.000000,0.000000,0.000000,0.000000,0.000000,0.000000,0.000000,0.000000,0.000000,0.000000,0.000000,0.000000,0.000000,0.000000,0.000000,0.000000,0.000000,0.000001,0.000001,0.000001,0.000001,0.000001,0.000001,0.000001,0.000001,0.000001,0.000002,0.000002,0.000002,0.000002,0.000002,0.000002,0.000002,0.000002,0.000002,0.000002,0.000002,0.000002,0.000002,0.000002,0.000002,0.000002,0.000002,0.000002,0.000002,0.000002,0.000002,0.000002,0.000002,0.000001,0.000001,0.000001,0.000001,0.000001,0.000001,0.000001,0.000001,0.000001,0.000000,0.000000,0.000000,0.000000,0.000000,0.000000,0.000000,0.000000,0.000000,0.000000,0.000000,0.000000,0.000000,0.000000,0.000000,0.000000,0.000000,0.000000,0.000000,0.000000,0.000000,0.000000,0.000000,0.000000,0.000000,0.000000,0.000000,0.000000,0.000000
0.000000,0.000000,0.000000,0.000000,0.000000,0.000000,0.000000,0.000000,0.000000,0.000000,0.000000,0.000000,0.000000,0.000000,0.000000,0.000000,0.000000,0.000000,0.000000,0.000000,0.000000,0.000000,0.000000,0.000000,0.000000,0.000000,0.000000,0.000000,0.000001,0.000001,0.000001,0.000001,0.000001,0.000001,0.000001,0.000001,0.000002,0.000002,0.000002,0.000002,0.000002,0.000002,0.000003,0.000003,0.000003,0.000003,0.000003,0.000003,0.000003,0.000003,0.000003,0.000003,0.000003,0.000003,0.000003,0.000003,0.000003,0.000003,0.000003,0.000002,0.000002,0.000002,0.000002,0.000002,0.000002,0.000001,0.000001,0.000001,0.000001,0.000001,0.000001,0.000001,0.000001,0.000000,0.000000,0.000000,0.000000,0.000000,0.000000,0.000000,0.000000,0.000000,0.000000,0.000000,0.000000,0.000000,0.000000,0.000000,0.000000,0.000000,0.000000,0.000000,0.000000,0.000000,0.000000,0.000000,0.000000,0.000000,0.000000,0.000000
0.000000,0.000000,0.000000,0.000000,0.000000,0.000000,0.000000,0.000000,0.000000,0.000000,0.000000,0.000000,0.000000,0.000000,0.000000,0.000000,0.000000,0.000000,0.000000,0.000000,0.000000,0.000000,0.000000,0.000000,0.000000,0.000000,0.000001,0.000001,0.000001,0.000001,0.000001,0.000001,0.000001,0.000002,0.000002,0.000002,0.000002,0.000002,0.000003,0.000003,0.000003,0.000003,0.000004,0.000004,0.000004,0.000004,0.000004,0.000004,0.000004,0.000004,0.000004,0.000004,0.000004,0.000004,0.000004,0.000004,0.000004,0.000004,0.000004,0.000003,0.000003,0.000003,0.000003,0.000002,0.000002,0.000002,0.000002,0.000002,0.000001,0.000001,0.000001,0.000001,0.000001,0.000001,0.000001,0.000000,0.000000,0.000000,0.000000,0.000000,0.000000,0.000000,0.000000,0.000000,0.000000,0.000000,0.000000,0.000000,0.000000,0.000000,0.000000,0.000000,0.000000,0.000000,0.000000,0.000000,0.000000,0.000000,0.000000,0.000000
0.000000,0.000000,0.000000,0.000000,0.000000,0.000000,0.000000,0.000000,0.000000,0.000000,0.000000,0.000000,0.000000,0.000000,0.000000,0.000000,0.000000,0.000000,0.000000,0.000000,0.000000,0.000000,0.000000,0.000000,0.000000,0.000001,0.000001,0.000001,0.000001,0.000001,0.000001,0.000002,0.000002,0.000002,0.000002,0.000003,0.000003,0.000003,0.000003,0.000004,0.000004,0.000004,0.000005,0.000005,0.000005,0.000005,0.000006,0.000006,0.000006,0.000006,0.000006,0.000006,0.000006,0.000006,0.000006,0.000005,0.000005,0.000005,0.000005,0.000004,0.000004,0.000004,0.000003,0.000003,0.000003,0.000003,0.000002,0.000002,0.000002,0.000002,0.000001,0.000001,0.000001,0.000001,0.000001,0.000001,0.000000,0.000000,0.000000,0.000000,0.000000,0.000000,0.000000,0.000000,0.000000,0.000000,0.000000,0.000000,0.000000,0.000000,0.000000,0.000000,0.000000,0.000000,0.000000,0.000000,0.000000,0.000000,0.000000,0.000000
0.000000,0.000000,0.000000,0.000000,0.000000,0.000000,0.000000,0.000000,0.000000,0.000000,0.000000,0.000000,0.000000,0.000000,0.000000,0.000000,0.000000,0.000000,0.000000,0.000000,0.000000,0.000000,0.000000,0.000001,0.000001,0.000001,0.000001,0.000001,0.000001,0.000002,0.000002,0.000002,0.000002,0.000003,0.000003,0.000003,0.000004,0.000004,0.000005,0.000005,0.000005,0.000006,0.000006,0.000006,0.000007,0.000007,0.000007,0.000007,0.000008,0.000008,0.000008,0.000008,0.000008,0.000007,0.000007,0.000007,0.000007,0.000006,0.000006,0.000006,0.000005,0.000005,0.000005,0.000004,0.000004,0.000003,0.000003,0.000003,0.000002,0.000002,0.000002,0.000002,0.000001,0.000001,0.000001,0.000001,0.000001,0.000001,0.000000,0.000000,0.000000,0.000000,0.000000,0.000000,0.000000,0.000000,0.000000,0.000000,0.000000,0.000000,0.000000,0.000000,0.000000,0.000000,0.000000,0.000000,0.000000,0.000000,0.000000,0.000000
0.000000,0.000000,0.000000,0.000000,0.000000,0.000000,0.000000,0.000000,0.000000,0.000000,0.000000,0.000000,0.000000,0.000000,0.000000,0.000000,0.000000,0.000000,0.000000,0.000000,0.000000,0.000000,0.000001,0.000001,0.000001,0.000001,0.000001,0.000001,0.000002,0.000002,0.000002,0.000003,0.000003,0.000003,0.000004,0.000004,0.000005,0.000005,0.000006,0.000006,0.000007,0.000007,0.000008,0.000008,0.000009,0.000009,0.000010,0.000010,0.000010,0.000010,0.000010,0.000010,0.000010,0.000010,0.000010,0.000009,0.000009,0.000008,0.000008,0.000007,0.000007,0.000006,0.000006,0.000005,0.000005,0.000004,0.000004,0.000003,0.000003,0.000003,0.000002,0.000002,0.000002,0.000001,0.000001,0.000001,0.000001,0.000001,0.000001,0.000000,0.000000,0.000000,0.000000,0.000000,0.000000,0.000000,0.000000,0.000000,0.000000,0.000000,0.000000,0.000000,0.000000,0.000000,0.000000,0.000000,0.000000,0.000000,0.000000,0.000000
0.000000,0.000000,0.000000,0.000000,0.000000,0.000000,0.000000,0.000000,0.000000,0.000000,0.000000,0.000000,0.000000,0.000000,0.000000,0.000000,0.000000,0.000000,0.000000,0.000000,0.000000,0.000001,0.000001,0.000001,0.000001,0.000001,0.000002,0.000002,0.000002,0.000003,0.000003,0.000003,0.000004,0.000005,0.000005,0.000006,0.000006,0.000007,0.000008,0.000008,0.000009,0.000010,0.000010,0.000011,0.000011,0.000012,0.000012,0.000013,0.000013,0.000013,0.000013,0.000013,0.000013,0.000013,0.000012,0.000012,0.000011,0.000011,0.000010,0.000010,0.000009,0.000008,0.000008,0.000007,0.000006,0.000006,0.000005,0.000005,0.000004,0.000003,0.000003,0.000003,0.000002,0.000002,0.000002,0.000001,0.000001,0.000001,0.000001,0.000001,0.000000,0.000000,0.000000,0.000000,0.000000,0.000000,0.000000,0.000000,0.000000,0.000000,0.000000,0.000000,0.000000,0.000000,0.000000,0.000000,0.000000,0.000000,0.000000,0.000000
0.000000,0.000000,0.000000,0.000000,0.000000,0.000000,0.000000,0.000000,0.000000,0.000000,0.000000,0.000000,0.000000,0.000000,0.000000,0.000000,0.000000,0.000000,0.000000,0.000000,0.000001,0.000001,0.000001,0.000001,0.000001,0.000002,0.000002,0.000002,0.000003,0.000003,0.000004,0.000004,0.000005,0.000006,0.000007,0.000007,0.000008,0.000009,0.000010,0.000011,0.000012,0.000012,0.000013,0.000014,0.000015,0.000015,0.000016,0.000016,0.000017,0.000017,0.000017,0.000017,0.000017,0.000016,0.000016,0.000015,0.000015,0.000014,0.000013,0.000012,0.000012,0.000011,0.000010,0.000009,0.000008,0.000007,0.000007,0.000006,0.000005,0.000004,0.000004,0.000003,0.000003,0.000002,0.000002,0.000002,0.000001,0.000001,0.000001,0.000001,0.000001,0.000000,0.000000,0.000000,0.000000,0.000000,0.000000,0.000000,0.000000,0.000000,0.000000,0.000000,0.000000,0.000000,0.000000,0.000000,0.000000,0.000000,0.000000,0.000000
0.000000,0.000000,0.000000,0.000000,0.000000,0.000000,0.000000,0.000000,0.000000,0.000000,0.000000,0.000000,0.000000,0.000000,0.000000,0.000000,0.000000,0.000000,0.000000,0.000001,0.000001,0.000001,0.000001,0.000001,0.000002,0.000002,0.000003,0.000003,0.000004,0.000004,0.000005,0.000006,0.000007,0.000007,0.000008,0.000009,0.000010,0.000012,0.000013,0.000014,0.000015,0.000016,0.000017,0.000018,0.000019,0.000020,0.000020,0.000021,0.000021,0.000021,0.000021,0.000021,0.000021,0.000021,0.000020,0.000020,0.000019,0.000018,0.000017,0.000016,0.000015,0.000014,0.000013,0.000012,0.000010,0.000009,0.000008,0.000007,0.000007,0.000006,0.000005,0.000004,0.000004,0.000003,0.000003,0.000002,0.000002,0.000001,0.000001,0.000001,0.000001,0.000001,0.000000,0.000000,0.000000,0.000000,0.000000,0.000000,0.000000,0.000000,0.000000,0.000000,0.000000,0.000000,0.000000,0.000000,0.000000,0.000000,0.000000,0.000000
0.000000,0.000000,0.000000,0.000000,0.000000,0.000000,0.000000,0.000000,0.000000,0.000000,0.000000,0.000000,0.000000,0.000000,0.000000,0.000000,0.000000,0.000000,0.000001,0.000001,0.000001,0.000001,0.000002,0.000002,0.000002,0.000003,0.000003,0.000004,0.000005,0.000005,0.000006,0.000007,0.000008,0.000009,0.000011,0.000012,0.000013,0.000015,0.000016,0.000017,0.000019,0.000020,0.000022,0.000023,0.000024,0.000025,0.000026,0.000026,0.000027,0.000027,0.000027,0.000027,0.000027,0.000026,0.000026,0.000025,0.000024,0.000023,0.000022,0.000020,0.000019,0.000017,0.000016,0.000015,0.000013,0.000012,0.000011,0.000009,0.000008,0.000007,0.000006,0.000005,0.000005,0.000004,0.000003,0.000003,0.000002,0.000002,0.000002,0.000001,0.000001,0.000001,0.000001,0.000000,0.000000,0.000000,0.000000,0.000000,0.000000,0.000000,0.000000,0.000000,0.000000,0.000000,0.000000,0.000000,0.000000,0.000000,0.000000,0.000000
0.000000,0.000000,0.000000,0.000000,0.000000,0.000000,0.000000,0.000000,0.000000,0.000000,0.000000,0.000000,0.000000,0.000000,0.000000,0.000000,0.000000,0.000001,0.000001,0.000001,0.000001,0.000002,0.000002,0.000002,0.000003,0.000003,0.000004,0.000005,0.000006,0.000007,0.000008,0.000009,0.000010,0.000012,0.000013,0.000015,0.000017,0.000018,0.000020,0.000022,0.000024,0.000025,0.000027,0.000029,0.000030,0.000031,0.000032,0.000033,0.000034,0.000034,0.000034,0.000034,0.000034,0.000033,0.000032,0.000031,0.000030,0.000029,0.000027,0.000025,0.000024,0.000022,0.000020,0.000018,0.000017,0.000015,0.000013,0.000012,0.000010,0.000009,0.000008,0.000007,0.000006,0.000005,0.000004,0.000003,0.000003,0.000002,0.000002,0.000002,0.000001,0.000001,0.000001,0.000001,0.000000,0.000000,0.000000,0.000000,0.000000,0.000000,0.000000,0.000000,0.000000,0.000000,0.000000,0.000000,0.000000,0.000000,0.000000,0.000000
0.000000,0.000000,0.000000,0.000000,0.000000,0.000000,0.000000,0.000000,0.000000,0.000000,0.000000,0.000000,0.000000,0.000000,0.000000,0.000000,0.000001,0.000001,0.000001,0.000001,0.000002,0.000002,0.000002,0.000003,0.000004,0.000004,0.000005,0.000006,0.000007,0.000008,0.000010,0.000011,0.000013,0.000015,0.000017,0.000019,0.000021,0.000023,0.000025,0.000027,0.000030,0.000032,0.000034,0.000036,0.000038,0.000039,0.000040,0.000042,0.000042,0.000043,0.000043,0.000043,0.000042,0.000042,0.000040,0.000039,0.000038,0.000036,0.000034,0.000032,0.000030,0.000027,0.000025,0.000023,0.000021,0.000019,0.000017,0.000015,0.000013,0.000011,0.000010,0.000008,0.000007,0.000006,0.000005,0.000004,0.000004,0.000003,0.000002,0.000002,0.000002,0.000001,0.000001,0.000001,0.000001,0.000000,0.000000,0.000000,0.000000,0.000000,0.000000,0.000000,0.000000,0.000000,0.000000,0.000000,0.000000,0.000000,0.000000,0.000000
0.000000,0.000000,0.000000,0.000000,0.000000,0.000000,0.000000,0.000000,0.000000,0.000000,0.000000,0.000000,0.000000,0.000000,0.000000,0.000001,0.000001,0.000001,0.000001,0.000002,0.000002,0.000002,0.000003,0.000004,0.000004,0.000005,0.000006,0.000008,0.000009,0.000010,0.000012,0.000014,0.000016,0.000018,0.000021,0.000023,0.000026,0.000029,0.000031,0.000034,0.000037,0.000040,0.000042,0.000044,0.000047,0.000049,0.000050,0.000052,0.000052,0.000053,0.000053,0.000053,0.000052,0.000052,0.000050,0.000049,0.000047,0.000044,0.000042,0.000040,0.000037,0.000034,0.000031,0.000029,0.000026,0.000023,0.000021,0.000018,0.000016,0.000014,0.000012,0.000010,0.000009,0.000008,0.000006,0.000005,0.000004,0.000004,0.000003,0.000002,0.000002,0.000002,0.000001,0.000001,0.000001,0.000001,0.000000,0.000000,0.000000,0.000000,0.000000,0.000000,0.000000,0.000000,0.000000,0.000000,0.000000,0.000000,0.000000,0.000000
0.000000,0.000000,0.000000,0.000000,0.000000,0.000000,0.000000,0.000000,0.000000,0.000000,0.000000,0.000000,0.000000,0.000000,0.000001,0.000001,0.000001,0.000001,0.000002,0.000002,0.000002,0.000003,0.000004,0.000004,0.000005,0.000007,0.000008,0.000009,0.000011,0.000013,0.000015,0.000017,0.000020,0.000023,0.000026,0.000029,0.000032,0.000035,0.000039,0.000042,0.000045,0.000049,0.000052,0.000055,0.000057,0.000060,0.000062,0.000063,0.000065,0.000065,0.000066,0.000065,0.000065,0.000063,0.000062,0.000060,0.000057,0.000055,0.000052,0.000049,0.000045,0.000042,0.000039,0.000035,0.000032,0.000029,0.000026,0.000023,0.000020,0.000017,0.000015,0.000013,0.000011,0.000009,0.000008,0.000007,0.000005,0.000004,0.000004,0.000003,0.000002,0.000002,0.000002,0.000001,0.000001,0.000001,0.000001,0.000000,0.000000,0.000000,0.000000,0.000000,0.000000,0.000000,0.000000,0.000000,0.000000,0.000000,0.000000,0.000000
0.000000,0.000000,0.000000,0.000000,0.000000,0.000000,0.000000,0.000000,0.000000,0.000000,0.000000,0.000000,0.000000,0.000001,0.000001,0.000001,0.000001,0.000001,0.000002,0.000002,0.000003,0.000004,0.000004,0.000005,0.000007,0.000008,0.000010,0.000011,0.000014,0.000016,0.000018,0.000021,0.000024,0.000028,0.000031,0.000035,0.000039,0.000043,0.000047,0.000051,0.000056,0.000060,0.000063,0.000067,0.000070,0.000073,0.000076,0.000078,0.000079,0.000080,0.000080,0.000080,0.000079,0.000078,0.000076,0.000073,0.000070,0.000067,0.000063,0.000060,0.000056,0.000051,0.000047,0.000043,0.000039,0.000035,0.000031,0.000028,0.000024,0.000021,0.000018,0.000016,0.000014,0.000011,0.000010,0.000008,0.000007,0.000005,0.000004,0.000004,0.000003,0.000002,0.000002,0.000001,0.000001,0.000001,0.000001,0.000001,0.000000,0.000000,0.000000,0.000000,0.000000,0.000000,0.000000,0.000000,0.000000,0.000000,0.000000,0.000000
0.000000,0.000000,0.000000,0.000000,0.000000,0.000000,0.000000,0.000000,0.000000,0.000000,0.000000,0.000000,0.000000,0.000001,0.000001,0.000001,0.000001,0.000002,0.000002,0.000003,0.000004,0.000004,0.000005,0.000007,0.000008,0.000010,0.000012,0.000014,0.000016,0.000019,0.000022,0.000026,0.000030,0.000034,0.000038,0.000043,0.000047,0.000052,0.000057,0.000062,0.000067,0.000072,0.000077,0.000081,0.000085,0.000089,0.000092,0.000094,0.000096,0.000097,0.000098,0.000097,0.000096,0.000094,0.000092,0.000089,0.000085,0.000081,0.000077,0.000072,0.000067,0.000062,0.000057,0.000052,0.000047,0.000043,0.000038,0.000034,0.000030,0.000026,0.000022,0.000019,0.000016,0.000014,0.000012,0.000010,0.000008,0.000007,0.000005,0.000004,0.000004,0.000003,0.000002,0.000002,0.000001,0.000001,0.000001,0.000001,0.000000,0.000000,0.000000,0.000000,0.000000,0.000000,0.000000,0.000000,0.000000,0.000000,0.000000,0.000000
0.000000,0.000000,0.000000,0.000000,0.000000,0.000000,0.000000,0.000000,0.000000,0.000000,0.000000,0.000000,0.000001,0.000001,0.000001,0.000001,0.000002,0.000002,0.000003,0.000003,0.000004,0.000005,0.000007,0.000008,0.000010,0.000012,0.000014,0.000017,0.000020,0.000023,0.000027,0.000031,0.000036,0.000041,0.000046,0.000051,0.000057,0.000063,0.000069,0.000075,0.000081,0.000087,0.000093,0.000098,0.000103,0.000107,0.000111,0.000114,0.000116,0.000117,0.000118,0.000117,0.000116,0.000114,0.000111,0.000107,0.000103,0.000098,0.000093,0.000087,0.000081,0.000075,0.000069,0.000063,0.000057,0.000051,0.000046,0.000041,0.000036,0.000031,0.000027,0.000023,0.000020,0.000017,0.000014,0.000012,0.000010,0.000008,0.000007,0.000005,0.000004,0.000003,0.000003,0.000002,0.000002,0.000001,0.000001,0.000001,0.000001,0.000000,0.000000,0.000000,0.000000,0.000000,0.000000,0.000000,0.000000,0.000000,0.000000,0.000000
0.000000,0.000000,0.000000,0.000000,0.000000,0.000000,0.000000,0.000000,0.000000,0.000000,0.000000,0.000001,0.000001,0.000001,0.000001,0.000002,0.000002,0.000003,0.000003,0.000004,0.000005,0.000006,0.000008,0.000010,0.000012,0.000014,0.000017,0.000020,0.000024,0.000028,0.000032,0.000037,0.000043,0.000049,0.000055,0.000061,0.000068,0.000075,0.000083,0.000090,0.000097,0.000104,0.000111,0.000117,0.000123,0.000128,0.000133,0.000136,0.000139,0.000140,0.000141,0.000140,0.000139,0.000136,0.000133,0.000128,0.000123,0.000117,0.000111,0.000104,0.000097,0.000090,0.000083,0.000075,0.000068,0.000061,0.000055,0.000049,0.000043,0.000037,0.000032,0.000028,0.000024,0.000020,0.000017,0.000014,0.000012,0.000010,0.000008,0.000006,0.000005,0.000004,0.000003,0.000003,0.000002,0.000002,0.000001,0.000001,0.000001,0.000001,0.000000,0.000000,0.000000,0.000000,0.000000,0.000000,0.000000,0.000000,0.000000,0.000000
0.000000,0.000000,0.000000,0.000000,0.000000,0.000000,0.000000,0.000000,0.000000,0.000000,0.000000,0.000001,0.000001,0.000001,0.000001,0.000002,0.000002,0.000003,0.000004,0.000005,0.000006,0.000008,0.000009,0.000011,0.000014,0.000017,0.000020,0.000024,0.000028,0.000033,0.000038,0.000044,0.000051,0.000058,0.000065,0.000073,0.000081,0.000090,0.000098,0.000107,0.000116,0.000124,0.000132,0.000140,0.000146,0.000153,0.000158,0.000162,0.000165,0.000167,0.000167,0.000167,0.000165,0.000162,0.000158,0.000153,0.000146,0.000140,0.000132,0.000124,0.000116,0.000107,0.000098,0.000090,0.000081,0.000073,0.000065,0.000058,0.000051,0.000044,0.000038,0.000033,0.000028,0.000024,0.000020,0.000017,0.000014,0.000011,0.000009,0.000008,0.000006,0.000005,0.000004,0.000003,0.000002,0.000002,0.000001,0.000001,0.000001,0.000001,0.000000,0.000000,0.000000,0.000000,0.000000,0.000000,0.000000,0.000000,0.000000,0.000000
0.000000,0.000000,0.000000,0.000000,0.000000,0.000000,0.000000,0.000000,0.000000,0.000000,0.000001,0.000001,0.000001,0.000001,0.000002,0.000002,0.000003,0.000004,0.000005,0.000006,0.000007,0.000009,0.000011,0.000014,0.000016,0.000020,0.000024,0.000028,0.000033,0.000039,0.000045,0.000052,0.000060,0.000068,0.000077,0.000086,0.000096,0.000106,0.000116,0.000126,0.000136,0.000146,0.000156,0.000165,0.000173,0.000180,0.000186,0.000191,0.000194,0.000197,0.000197,0.000197,0.000194,0.000191,0.000186,0.000180,0.000173,0.000165,0.000156,0.000146,0.000136,0.000126,0.000116,0.000106,0.000096,0.000086,0.000077,0.000068,0.000060,0.000052,0.000045,0.000039,0.000033,0.000028,0.000024,0.000020,0.000016,0.000014,0.000011,0.000009,0.000007,0.000006,0.000005,0.000004,0.000003,0.000002,0.000002,0.000001,0.000001,0.000001,0.000001,0.000000,0.000000,0.000000,0.000000,0.000000,0.000000,0.000000,0.000000,0.000000
0.000000,0.000000,0.000000,0.000000,0.000000,0.000000,0.000000,0.000000,0.000000,0.000000,0.000001,0.000001,0.000001,0.000002,0.000002,0.000003,0.000003,0.000004,0.000005,0.000007,0.000008,0.000010,0.000013,0.000016,0.000019,0.000023,0.000028,0.000033,0.000039,0.000046,0.000053,0.000061,0.000070,0.000080,0.000090,0.000101,0.000112,0.000124,0.000136,0.000148,0.000160,0.000171,0.000182,0.000193,0.000202,0.000211,0.000218,0.000224,0.000228,0.000230,0.000231,0.000230,0.000228,0.000224,0.000218,0.000211,0.000202,0.000193,0.000182,0.000171,0.000160,0.000148,0.000136,0.000124,0.000112,0.000101,0.000090,0.000080,0.000070,0.000061,0.000053,0.000046,0.000039,0.000033,0.000028,0.000023,0.000019,0.000016,0.000013,0.000010,0.000008,0.000007,0.000005,0.000004,0.000003,0.000003,0.000002,0.000002,0.000001,0.000001,0.000001,0.000000,0.000000,0.000000,0.000000,0.000000,0.000000,0.000000,0.000000,0.000000
0.000000,0.000000,0.000000,0.000000,0.000000,0.000000,0.000000,0.000000,0.000000,0.000001,0.000001,0.000001,0.000001,0.000002,0.000002,0.000003,0.000004,0.000005,0.000006,0.000008,0.000010,0.000012,0.000015,0.000018,0.000022,0.000027,0.000032,0.000038,0.000045,0.000053,0.000062,0.000071,0.000081,0.000093,0.000105,0.000117,0.000130,0.000144,0.000158,0.000172,0.000186,0.000199,0.000212,0.000224,0.000235,0.000245,0.000253,0.000260,0.000265,0.000268,0.000269,0.000268,0.000265,0.000260,0.000253,0.000245,0.000235,0.000224,0.000212,0.000199,0.000186,0.000172,0.000158,0.000144,0.000130,0.000117,0.000105,0.000093,0.000081,0.000071,0.000062,0.000053,0.000045,0.000038,0.000032,0.000027,0.000022,0.000018,0.000015,0.000012,0.000010,0.000008,0.000006,0.000005,0.000004,0.000003,0.000002,0.000002,0.000001,0.000001,0.000001,0.000001,0.000000,0.000000,0.000000,0.000000,0.000000,0.000000,0.000000,0.000000
0.000000,0.000000,0.000000,0.000000,0.000000,0.000000,0.000000,0.000000,0.000000,0.000001,0.000001,0.000001,0.000002,0.000002,0.000003,0.000003,0.000004,0.000006,0.000007,0.000009,0.000011,0.000014,0.000017,0.000021,0.000026,0.000031,0.000037,0.000044,0.000052,0.000061,0.000071,0.000082,0.000094,0.000107,0.000121,0.000135,0.000151,0.000166,0.000182,0.000198,0.000214,0.000230,0.000245,0.000259,0.000272,0.000283,0.000292,0.000300,0.000306,0.000309,0.000310,0.000309,0.000306,0.000300,0.000292,0.000283,0.000272,0.000259,0.000245,0.000230,0.000214,0.000198,0.000182,0.000166,0.000151,0.000135,0.000121,0.000107,0.000094,0.000082,0.000071,0.000061,0.000052,0.000044,0.000037,0.000031,0.000026,0.000021,0.000017,0.000014,0.000011,0.000009,0.000007,0.000006,0.000004,0.000003,0.000003,0.000002,0.000002,0.000001,0.000001,0.000001,0.000000,0.000000,0.000000,0.000000,0.000000,0.000000,0.000000,0.000000
0.000000,0.000000,0.000000,0.000000,0.000000,0.000000,0.000000,0.000000,0.000001,0.000001,0.000001,0.000001,0.000002,0.000002,0.000003,0.000004,0.000005,0.000007,0.000008,0.000010,0.000013,0.000016,0.000020,0.000024,0.000030,0.000036,0.000043,0.000051,0.000060,0.000070,0.000081,0.000094,0.000108,0.000122,0.000138,0.000155,0.000173,0.000191,0.000209,0.000227,0.000246,0.000264,0.000281,0.000297,0.000311,0.000324,0.000335,0.000344,0.000350,0.000354,0.000355,0.000354,0.000350,0.000344,0.000335,0.000324,0.000311,0.000297,0.000281,0.000264,0.000246,0.000227,0.000209,0.000191,0.000173,0.000155,0.000138,0.000122,0.000108,0.000094,0.000081,0.000070,0.000060,0.000051,0.000043,0.000036,0.000030,0.000024,0.000020,0.000016,0.000013,0.000010,0.000008,0.000007,0.000005,0.000004,0.000003,0.000002,0.000002,0.000001,0.000001,0.000001,0.000001,0.000000,0.000000,0.000000,0.000000,0.000000,0.000000,0.000000
0.000000,0.000000,0.000000,0.000000,0.000000,0.000000,0.000000,0.000000,0.000001,0.000001,0.000001,0.000002,0.000002,0.000003,0.000003,0.000005,0.000006,0.000007,0.000009,0.000012,0.000015,0.000018,0.000023,0.000028,0.000034,0.000041,0.000049,0.000058,0.000068,0.000080,0.000093,0.000107,0.000122,0.000139,0.000157,0.000176,0.000196,0.000217,0.000238,0.000259,0.000279,0.000300,0.000319,0.000337,0.000354,0.000369,0.000381,0.000391,0.000398,0.000403,0.000404,0.000403,0.000398,0.000391,0.000381,0.000369,0.000354,0.000337,0.000319,0.000300,0.000279,0.000259,0.000238,0.000217,0.000196,0.000176,0.000157,0.000139,0.000122,0.000107,0.000093,0.000080,0.000068,0.000058,0.000049,0.000041,0.000034,0.000028,0.000023,0.000018,0.000015,0.000012,0.000009,0.000007,0.000006,0.000005,0.000003,0.000003,0.000002,0.000002,0.000001,0.000001,0.000001,0.000000,0.000000,0.000000,0.000000,0.000000,0.000000,0.000000
0.000000,0.000000,0.000000,0.000000,0.000000,0.000000,0.000000,0.000001,0.000001,0.000001,0.000001,0.000002,0.000002,0.000003,0.000004,0.000005,0.000007,0.000008,0.000011,0.000013,0.000017,0.000021,0.000026,0.000031,0.000038,0.000046,0.000055,0.000065,0.000077,0.000090,0.000105,0.000121,0.000138,0.000157,0.000178,0.000199,0.000222,0.000245,0.000268,0.000292,0.000316,0.000338,0.000360,0.000381,0.000400,0.000416,0.000430,0.000441,0.000450,0.000455,0.000456,0.000455,0.000450,0.000441,0.000430,0.000416,0.000400,0.000381,0.000360,0.000338,0.000316,0.000292,0.000268,0.000245,0.000222,0.000199,0.000178,0.000157,0.000138,0.000121,0.000105,0.000090,0.000077,0.000065,0.000055,0.000046,0.000038,0.000031,0.000026,0.000021,0.000017,0.000013,0.000011,0.000008,0.000007,0.000005,0.000004,0.000003,0.000002,0.000002,0.000001,0.000001,0.000001,0.000001,0.000000,0.000000,0.000000,0.000000,0.000000,0.000000
0.000000,0.000000,0.000000,0.000000,0.000000,0.000000,0.000000,0.000001,0.000001,0.000001,0.000001,0.000002,0.000003,0.000003,0.000004,0.000006,0.000007,0.000009,0.000012,0.000015,0.000019,0.000023,0.000029,0.000035,0.000043,0.000051,0.000061,0.000073,0.000086,0.000101,0.000117,0.000135,0.000155,0.000176,0.000199,0.000223,0.000248,0.000274,0.000301,0.000327,0.000354,0.000379,0.000404,0.000427,0.000448,0.000466,0.000482,0.000495,0.000504,0.000510,0.000512,0.000510,0.000504,0.000495,0.000482,0.000466,0.000448,0.000427,0.000404,0.000379,0.000354,0.000327,0.000301,0.000274,0.000248,0.000223,0.000199,0.000176,0.000155,0.000135,0.000117,0.000101,0.000086,0.000073,0.000061,0.000051,0.000043,0.000035,0.000029,0.000023,0.000019,0.000015,0.000012,0.000009,0.000007,0.000006,0.000004,0.000003,0.000003,0.000002,0.000001,0.000001,0.000001,0.000001,0.000000,0.000000,0.000000,0.000000,0.000000,0.000000
0.000000,0.000000,0.000000,0.000000,0.000000,0.000000,0.000000,0.000001,0.000001,0.000001,0.000002,0.000002,0.000003,0.000004,0.000005,0.000006,0.000008,0.000010,0.000013,0.000017,0.000021,0.000026,0.000032,0.000039,0.000047,0.000057,0.000068,0.000081,0.000096,0.000112,0.000130,0.000151,0.000173,0.000196,0.000222,0.000248,0.000276,0.000305,0.000335,0.000364,0.000394,0.000422,0.000449,0.000475,0.000498,0.000519,0.000537,0.000551,0.000561,0.000567,0.000569,0.000567,0.000561,0.000551,0.000537,0.000519,0.000498,0.000475,0.000449,0.000422,0.000394,0.000364,0.000335,0.000305,0.000276,0.000248,0.000222,0.000196,0.000173,0.000151,0.000130,0.000112,0.000096,0.000081,0.000068,0.000057,0.000047,0.000039,0.000032,0.000026,0.000021,0.000017,0.000013,0.000010,0.000008,0.000006,0.000005,0.000004,0.000003,0.000002,0.000002,0.000001,0.000001,0.000001,0.000000,0.000000,0.000000,0.000000,0.000000,0.000000
0.000000,0.000000,0.000000,0.000000,0.000000,0.000000,0.000001,0.000001,0.000001,0.000001,0.000002,0.000002,0.000003,0.000004,0.000005,0.000007,0.000009,0.000012,0.000015,0.000018,0.000023,0.000029,0.000035,0.000043,0.000052,0.000063,0.000075,0.000090,0.000106,0.000124,0.000144,0.000166,0.000191,0.000217,0.000245,0.000274,0.000305,0.000337,0.000370,0.000402,0.000435,0.000466,0.000497,0.000525,0.000551,0.000573,0.000593,0.000608,0.000620,0.000626,0.000629,0.000626,0.000620,0.000608,0.000593,0.000573,0.000551,0.000525,0.000497,0.000466,0.000435,0.000402,0.000370,0.000337,0.000305,0.000274,0.000245,0.000217,0.000191,0.000166,0.000144,0.000124,0.000106,0.000090,0.000075,0.000063,0.000052,0.000043,0.000035,0.000029,0.000023,0.000018,0.000015,0.000012,0.000009,0.000007,0.000005,0.000004,0.000003,0.000002,0.000002,0.000001,0.000001,0.000001,0.000001,0.000000,0.000000,0.000000,0.000000,0.000000
0.000000,0.000000,0.000000,0.000000,0.000000,0.000000,0.000001,0.000001,0.000001,0.000001,0.000002,0.000003,0.000003,0.000005,0.000006,0.000008,0.000010,0.000013,0.000016,0.000020,0.000025,0.000031,0.000039,0.000047,0.000057,0.000069,0.000083,0.000098,0.000116,0.000136,0.000158,0.000182,0.000209,0.000238,0.000268,0.000301,0.000335,0.000370,0.000405,0.000441,0.000477,0.000511,0.000544,0.000575,0.000604,0.000629,0.000650,0.000667,0.000679,0.000687,0.000689,0.000687,0.000679,0.000667,0.000650,0.000629,0.000604,0.000575,0.000544,0.000511,0.000477,0.000441,0.000405,0.000370,0.000335,0.000301,0.000268,0.000238,0.000209,0.000182,0.000158,0.000136,0.000116,0.000098,0.000083,0.000069,0.000057,0.000047,0.000039,0.000031,0.000025,0.000020,0.000016,0.000013,0.000010,0.000008,0.000006,0.000005,0.000003,0.000003,0.000002,0.000001,0.000001,0.000001,0.000001,0.000000,0.000000,0.000000,0.000000,0.000000
0.000000,0.000000,0.000000,0.000000,0.000000,0.000000,0.000001,0.000001,0.000001,0.000002,0.000002,0.000003,0.000004,0.000005,0.000006,0.000008,0.000011,0.000014,0.000017,0.000022,0.000027,0.000034,0.000042,0.000051,0.000062,0.000075,0.000090,0.000107,0.000126,0.000148,0.000172,0.000198,0.000227,0.000259,0.000292,0.000327,0.000364,0.000402,0.000441,0.000480,0.000519,0.000557,0.000593,0.000626,0.000657,0.000684,0.000707,0.000726,0.000739,0.000748,0.000750,0.000748,0.000739,0.000726,0.000707,0.000684,0.000657,0.000626,0.000593,0.000557,0.000519,0.000480,0.000441,0.000402,0.000364,0.000327,0.000292,0.000259,0.000227,0.000198,0.000172,0.000148,0.000126,0.000107,0.000090,0.000075,0.000062,0.000051,0.000042,0.000034,0.000027,0.000022,0.000017,0.000014,0.000011,0.000008,0.000006,0.000005,0.000004,0.000003,0.000002,0.000002,0.000001,0.000001,0.000001,0.000000,0.000000,0.000000,0.000000,0.000000
0.000000,0.000000,0.000000,0.000000,0.000000,0.000000,0.000001,0.000001,0.000001,0.000002,0.000002,0.000003,0.000004,0.000005,0.000007,0.000009,0.000012,0.000015,0.000019,0.000024,0.000030,0.000037,0.000045,0.000056,0.000067,0.000081,0.000097,0.000116,0.000136,0.000160,0.000186,0.000214,0.000246,0.000279,0.000316,0.000354,0.000394,0.000435,0.000477,0.000519,0.000561,0.000601,0.000640,0.000677,0.000710,0.000739,0.000764,0.000784,0.000799,0.000808,0.000811,0.000808,0.000799,0.000784,0.000764,0.000739,0.000710,0.000677,0.000640,0.000601,0.000561,0.000519,0.000477,0.000435,0.000394,0.000354,0.000316,0.000279,0.000246,0.000214,0.000186,0.000160,0.000136,0.000116,0.000097,0.000081,0.000067,0.000056,0.000045,0.000037,0.000030,0.000024,0.000019,0.000015,0.000012,0.000009,0.000007,0.000005,0.000004,0.000003,0.000002,0.000002,0.000001,0.000001,0.000001,0.000000,0.000000,0.000000,0.000000,0.000000
0.000000,0.000000,0.000000,0.000000,0.000000,0.000001,0.000001,0.000001,0.000001,0.000002,0.000002,0.000003,0.000004,0.000006,0.000007,0.000010,0.000012,0.000016,0.000020,0.000025,0.000032,0.000040,0.000049,0.000060,0.000072,0.000087,0.000104,0.000124,0.000146,0.000171,0.000199,0.000230,0.000264,0.000300,0.000338,0.000379,0.000422,0.000466,0.000511,0.000557,0.000601,0.000645,0.000687,0.000726,0.000761,0.000793,0.000820,0.000841,0.000857,0.000866,0.000870,0.000866,0.000857,0.000841,0.000820,0.000793,0.000761,0.000726,0.000687,0.000645,0.000601,0.000557,0.000511,0.000466,0.000422,0.000379,0.000338,0.000300,0.000264,0.000230,0.000199,0.000171,0.000146,0.000124,0.000104,0.000087,0.000072,0.000060,0.000049,0.000040,0.000032,0.000025,0.000020,0.000016,0.000012,0.000010,0.000007,0.000006,0.000004,0.000003,0.000002,0.000002,0.000001,0.000001,0.000001,0.000000,0.000000,0.000000,0.000000,0.000000
0.000000,0.000000,0.000000,0.000000,0.000000,0.000001,0.000001,0.000001,0.000001,0.000002,0.000003,0.000004,0.000005,0.000006,0.000008,0.000010,0.000013,0.000017,0.000022,0.000027,0.000034,0.000042,0.000052,0.000063,0.000077,0.000093,0.000111,0.000132,0.000156,0.000182,0.000212,0.000245,0.000281,0.000319,0.000360,0.000404,0.000449,0.000497,0.000544,0.000593,0.000640,0.000687,0.000731,0.000773,0.000811,0.000844,0.000873,0.000896,0.000912,0.000922,0.000926,0.000922,0.000912,0.000896,0.000873,0.000844,0.000811,0.000773,0.000731,0.000687,0.000640,0.000593,0.000544,0.000497,0.000449,0.000404,0.000360,0.000319,0.000281,0.000245,0.000212,0.000182,0.000156,0.000132,0.000111,0.000093,0.000077,0.000063,0.000052,0.000042,0.000034,0.000027,0.000022,0.000017,0.000013,0.000010,0.000008,0.000006,0.000005,0.000004,0.000003,0.000002,0.000001,0.000001,0.000001,0.000001,0.000000,0.000000,0.000000,0.000000
0.000000,0.000000,0.000000,0.000000,0.000000,0.000001,0.000001,0.000001,0.000002,0.000002,0.000003,0.000004,0.000005,0.000006,0.000008,0.000011,0.000014,0.000018,0.000023,0.000029,0.000036,0.000044,0.000055,0.000067,0.000081,0.000098,0.000117,0.000140,0.000165,0.000193,0.000224,0.000259,0.000297,0.000337,0.000381,0.000427,0.000475,0.000525,0.000575,0.000626,0.000677,0.000726,0.000773,0.000817,0.000857,0.000892,0.000922,0.000947,0.000964,0.000975,0.000979,0.000975,0.000964,0.000947,0.000922,0.000892,0.000857,0.000817,0.000773,0.000726,0.000677,0.000626,0.000575,0.000525,0.000475,0.000427,0.000381,0.000337,0.000297,0.000259,0.000224,0.000193,0.000165,0.000140,0.000117,0.000098,0.000081,0.000067,0.000055,0.000044,0.000036,0.000029,0.000023,0.000018,0.000014,0.000011,0.000008,0.000006,0.000005,0.000004,0.000003,0.000002,0.000002,0.000001,0.000001,0.000001,0.000000,0.000000,0.000000,0.000000
