0.000000,0.000000,0.000000,0.000000,0.000000,0.000000,0.000000,0.000000,0.000000,0.000000,0.000000,0.000000,0.000000,0.000000,0.000000,0.000000,0.000000,0.000000,0.000000,0.000000,0.000000,0.000000,0.000000,0.000000,0.000000,0.000000,0.000000,0.000000,0.000000,0.000000,0.000000,0.000000,0.000000,0.000000,0.000000,0.000000,0.000000,0.000000,0.000000,0.000000,0.000000,0.000000,0.000000,0.000000,0.000000,0.000000,0.000000,0.000000,0.000000,0.000000,0.000000,0.000000,0.000000,0.000000,0.000000,0.000000,0.000000,0.000000,0.000000,0.000000,0.000000,0.000000,0.000000,0.000000,0.000000,0.000000,0.000000,0.000000,0.000000,0.000000,0.000000,0.000000,0.000000,0.000000,0.000000,0.000000,0.000000,0.000000,0.000000,0.000000,0.000000,0.000000,0.000000,0.000000,0.000000,0.000000,0.000000,0.000000,0.000000,0.000000,0.000000,0.000000,0.000000,0.000000,0.000000,0.000000,0.000000,0.000000,0.000000,0.000000
0.000000,0.000000,0.000000,0.000000,0.000000,0.000000,0.000000,0.000000,0.000000,0.000000,0.000000,0.000000,0.000000,0.000000,0.000000,0.000000,0.000000,0.000000,0.000000,0.000000,0.000000,0.000000,0.000000,0.000000,0.000000,0.000000,0.000000,0.000000,0.000000,0.000000,0.000000,0.000000,0.000000,0.000000,0.000000,0.000000,0.000000,0.000000,0.000000,0.000000,0.000000,0.000000,0.000000,0.000000,0.000000,0.000000,0.000000,0.000000,0.000000,0.000000,0.000000,0.000000,0.000000,0.000000,0.000000,0.000000,0.000000,0.000000,0.000000,0.000000,0.000000,0.000000,0.000000,0.000000,0.000000,0.000000,0.000000,0.000000,0.000000,0.000000,0.000000,0.000000,0.000000,0.000000,0.000000,0.000000,0.000000,0.000000,0.000000,0.000000,0.000000,0.000000,0.000000,0.000000,0.000000,0.000000,0.000000,0.000000,0.000000,0.000000,0.000000,0.000000,0.000000,0.000000,0.000000,0.000000,0.000000,0.000000,0.000000,0.000000
0.000000,0.000000,0.000000,0.000000,0.000000,0.000000,0.000000,0.000000,0.000000,0.000000,0.000000,0.000000,0.000000,0.000000,0.000000,0.000000,0.000000,0.000000,0.000000,0.000000,0.000000,0.000000,0.000000,0.000000,0.000000,0.000000,0.000000,0.000000,0.000000,0.000000,0.000000,0.000000,0.000000,0.000000,0.000000,0.000000,0.000000,0.000000,0.000000,0.000000,0.000000,0.000000,0.000000,0.000000,0.000000,0.000000,0.000000,0.000000,0.000000,0.000000,0.000000,0.000000,0.000000,0.000000,0.000000,0.000000,0.000000,0.000000,0.000000,0.000000,0.000000,0.000000,0.000000,0.000000,0.000000,0.000000,0.000000,0.000000,0.000000,0.000000,0.000000,0.000000,0.000000,0.000000,0.000000,0.000000,0.000000,0.000000,0.000000,0.000000,0.000000,0.000000,0.000000,0.000000,0.000000,0.000000,0.000000,0.000000,0.000000,0.000000,0.000000,0.000000,0.000000,0.000000,0.000000,0.000000,0.000000,0.000000,0.000000,0.000000
0.000000,0.000000,0.000000,0.000000,0.000000,0.000000,0.000000,0.000000,0.000000,0.000000,0.000000,0.000000,0.000000,0.000000,0.000000,0.000000,0.000000,0.000000,0.000000,0.000000,0.000000,0.000000,0.000000,0.000000,0.000000,0.000000,0.000000,0.000000,0.000000,0.000000,0.000000,0.000000,0.000000,0.000000,0.000000,0.000000,0.000000,0.000000,0.000000,0.000000,0.000000,0.000000,0.000000,0.000000,0.000000,0.000000,0.000000,0.000000,0.000000,0.000000,0.000000,0.000000,0.000000,0.000000,0.000000,0.000000,0.000000,0.000000,0.000000,0.000000,0.000000,0.000000,0.000000,0.000000,0.000000,0.000000,0.000000,0.000000,0.000000,0.000000,0.000000,0.000000,0.000000,0.000000,0.000000,0.000000,0.000000,0.000000,0.000000,0.000000,0.000000,0.000000,0.000000,0.000000,0.000000,0.000000,0.000000,0.000000,0.000000,0.000000,0.000000,0.000000,0.000000,0.000000,0.000000,0.000000,0.000000,0.000000,0.000000,0.000000
0.000000,0.000000,0.000000,0.000000,0.000000,0.000000,0.000000,0.000000,0.000000,0.000000,0.000000,0.000000,0.000000,0.000000,0.000000,0.000000,0.000000,0.000000,0.000000,0.000000,0.000000,0.000000,0.000000,0.000000,0.000000,0.000000,0.000000,0.000000,0.000000,0.000000,0.000000,0.000000,0.000000,0.000000,0.000000,0.000000,0.000000,0.000000,0.000000,0.000000,0.000000,0.000000,0.000000,0.000000,0.000000,0.000000,0.000000,0.000000,0.000000,0.000000,0.000000,0.000000,0.000000,0.000000,0.000000,0.000000,0.000000,0.000000,0.000000,0.000000,0.000000,0.000000,0.000000,0.000000,0.000000,0.000000,0.000000,0.000000,0.000000,0.000000,0.000000,0.000000,0.000000,0.000000,0.000000,0.000000,0.000000,0.000000,0.000000,0.000000,0.000000,0.000000,0.000000,0.000000,0.000000,0.000000,0.000000,0.000000,0.000000,0.000000,0.000000,0.000000,0.000000,0.000000,0.000000,0.000000,0.000000,0.000000,0.000000,0.000000
0.000000,0.000000,0.000000,0.000000,0.000000,0.000000,0.000000,0.000000,0.000000,0.000000,0.000000,0.000000,0.000000,0.000000,0.000000,0.000000,0.000000,0.000000,0.000000,0.000000,0.000000,0.000000,0.000000,0.000000,0.000000,0.000000,0.000000,0.000000,0.000000,0.000000,0.000000,0.000000,0.000000,0.000000,0.000000,0.000000,0.000000,0.000000,0.000000,0.000000,0.000000,0.000000,0.000000,0.000000,0.000000,0.000000,0.000000,0.000000,0.000000,0.000000,0.000000,0.000000,0.000000,0.000000,0.000000,0.000000,0.000000,0.000000,0.000000,0.000000,0.000000,0.000000,0.000000,0.000000,0.000000,0.000000,0.000000,0.000000,0.000000,0.000000,0.000000,0.000000,0.000000,0.000000,0.000000,0.000000,0.000000,0.000000,0.000000,0.000000,0.000000,0.000000,0.000000,0.000000,0.000000,0.000000,0.000000,0.000000,0.000000,0.000000,0.000000,0.000000,0.000000,0.000000,0.000000,0.000000,0.000000,0.000000,0.000000,0.000000
0.000000,0.000000,0.000000,0.000000,0.000000,0.000000,0.000000,0.000000,0.000000,0.000000,0.000000,0.000000,0.000000,0.000000,0.000000,0.000000,0.000000,0.000000,0.000000,0.000000,0.000000,0.000000,0.000000,0.000000,0.000000,0.000000,0.000000,0.000000,0.000000,0.000000,0.000000,0.000000,0.000000,0.000000,0.000000,0.000000,0.000000,0.000000,0.000000,0.000000,0.000000,0.000000,0.000000,0.000000,0.000000,0.000000,0.000000,0.000000,0.000000,0.000000,0.000000,0.000000,0.000000,0.000000,0.000000,0.000000,0.000000,0.000000,0.000000,0.000000,0.000000,0.000000,0.000000,0.000000,0.000000,0.000000,0.000000,0.000000,0.000000,0.000000,0.000000,0.000000,0.000000,0.000000,0.000000,0.000000,0.000000,0.000000,0.000000,0.000000,0.000000,0.000000,0.000000,0.000000,0.000000,0.000000,0.000000,0.000000,0.000000,0.000000,0.000000,0.000000,0.000000,0.000000,0.000000,0.000000,0.000000,0.000000,0.000000,0.000000
0.000000,0.000000,0.000000,0.000000,0.000000,0.000000,0.000000,0.000000,0.000000,0.000000,0.000000,0.000000,0.000000,0.000000,0.000000,0.000000,0.000000,0.000000,0.000000,0.000000,0.000000,0.000000,0.000000,0.000000,0.000000,0.000000,0.000000,0.000000,0.000000,0.000000,0.000000,0.000000,0.000000,0.000000,0.000000,0.000000,0.000000,0.000000,0.000000,0.000000,0.000000,0.000000,0.000000,0.000000,0.000000,0.000000,0.000000,0.000000,0.000000,0.000000,0.000000,0.000000,0.000000,0.000000,0.000000,0.000000,0.000000,0.000000,0.000000,0.000000,0.000000,0.000000,0.000000,0.000000,0.000000,0.000000,0.000000,0.000000,0.000000,0.000000,0.000000,0.000000,0.000000,0.000000,0.000000,0.000000,0.000000,0.000000,0.000000,0.000000,0.000000,0.000000,0.000000,0.000000,0.000000,0.000000,0.000000,0.000000,0.000000,0.000000,0.000000,0.000000,0.000000,0.000000,0.000000,0.000000,0.000000,0.000000,0.000000,0.000000
0.000000,0.000000,0.000000,0.000000,0.000000,0.000000,0.000000,0.000000,0.000000,0.000000,0.000000,0.000000,0.000000,0.000000,0.000000,0.000000,0.000000,0.000000,0.000000,0.000000,0.000000,0.000000,0.000000,0.000000,0.000000,0.000000,0.000000,0.000000,0.000000,0.000000,0.000000,0.000000,0.000000,0.000000,0.000000,0.000000,0.000000,0.000000,0.000000,0.000000,0.000000,0.000000,0.000000,0.000000,0.000000,0.000000,0.000000,0.000000,0.000000,0.000000,0.000000,0.000000,0.000000,0.000000,0.000000,0.000000,0.000000,0.000000,0.000000,0.000000,0.000000,0.000000,0.000000,0.000000,0.000000,0.000000,0.000000,0.000000,0.000000,0.000000,0.000000,0.000000,0.000000,0.000000,0.000000,0.000000,0.000000,0.000000,0.000000,0.000000,0.000000,0.000000,0.000000,0.000000,0.000000,0.000000,0.000000,0.000000,0.000000,0.000000,0.000000,0.000000,0.000000,0.000000,0.000000,0.000000,0.000000,0.000000,0.000000,0.000000
0.000000,0.000000,0.000000,0.000000,0.000000,0.000000,0.000000,0.000000,0.000000,0.000000,0.000000,0.000000,0.000000,0.000000,0.000000,0.000000,0.000000,0.000000,0.000000,0.000000,0.000000,0.000000,0.000000,0.000000,0.000000,0.000000,0.000000,0.000000,0.000000,0.000000,0.000000,0.000000,0.000000,0.000000,0.000000,0.000000,0.000000,0.000000,0.000000,0.000000,0.000000,0.000000,0.000000,0.000000,0.000000,0.000000,0.000000,0.000000,0.000000,0.000000,0.000000,0.000000,0.000000,0.000000,0.000000,0.000000,0.000000,0.000000,0.000000,0.000000,0.000000,0.000000,0.000000,0.000000,0.000000,0.000000,0.000000,0.000000,0.000000,0.000000,0.000000,0.000000,0.000000,0.000000,0.000000,0.000000,0.000000,0.000000,0.000000,0.000000,0.000000,0.000000,0.000000,0.000000,0.000000,0.000000,0.000000,0.000000,0.000000,0.000000,0.000000,0.000000,0.000000,0.000000,0.000000,0.000000,0.000000,0.000000,0.000000,0.000000
0.000000,0.000000,0.000000,0.000000,0.000000,0.000000,0.000000,0.000000,0.000000,0.000000,0.000000,0.000000,0.000000,0.000000,0.000000,0.000000,0.000000,0.000000,0.000000,0.000000,0.000000,0.000000,0.000000,0.000000,0.000000,0.000000,0.000000,0.000000,0.000000,0.000000,0.000000,0.000000,0.000000,0.000000,0.000000,0.000000,0.000000,0.000000,0.000000,0.000000,0.000000,0.000000,0.000000,0.000001,0.000001,0.000001,0.000001,0.000001,0.000001,0.000001,0.000001,0.000001,0.000001,0.000001,0.000001,0.000001,0.000001,0.000001,0.000000,0.000000,0.000000,0.000000,0.000000,0.000000,0.000000,0.000000,0.000000,0.000000,0.000000,0.000000,0.000000,0.000000,0.000000,0.000000,0.000000,0.000000,0.000000,0.000000,0.000000,0.000000,0.000000,0.000000,0.000000,0.000000,0.000000,0.000000,0.000000,0.000000,0.000000,0.000000,0.000000,0.000000,0.000000,0.000000,0.000000,0.000000,0.000000,0.000000,0.000000,0.000000
0.000000,0.000000,0.000000,0.000000,0.000000,0.000000,0.000000,0.000000,0.000000,0.000000,0.000000,0.000000,0.000000,0.000000,0.000000,0.000000,0.000000,0.000000,0.000000,0.000000,0.000000,0.000000,0.000000,0.000000,0.000000,0.000000,0.000000,0.000000,0.000000,0.000000,0.000000,0.000000,0.000000,0.000000,0.000000,0.000000,0.000000,0.000000,0.000000,0.000001,0.000001,0.000001,0.000001,0.000001,0.000001,0.000001,0.000001,0.000001,0.000001,0.000001,0.000001,0.000001,0.000001,0.000001,0.000001,0.000001,0.000001,0.000001,0.000001,0.000001,0.000001,0.000001,0.000000,0.000000,0.000000,0.000000,0.000000,0.000000,0.000000,0.000000,0.000000,0.000000,0.000000,0.000000,0.000000,0.000000,0.000000,0.000000,0.000000,0.000000,0.000000,0.000000,0.000000,0.000000,0.000000,0.000000,0.000000,0.000000,0.000000,0.000000,0.000000,0.000000,0.000000,0.000000,0.000000,0.000000,0.000000,0.000000,0.000000,0.000000
0.000000,0.000000,0.000000,0.000000,0.000000,0.000000,0.000000,0.000000,0.000000,0.000000,0.000000,0.000000,0.000000,0.000000,0.000000,0.000000,0.000000,0.000000,0.000000,0.000000,0.000000,0.000000,0.000000,0.000000,0.000000,0.000000,0.000000,0.000000,0.000000,0.000000,0.000000,0.000000,0.000000,0.000000,0.000000,0.000000,0.000001,0.000001,0.000001,0.000001,0.000001,0.000001,0.000001,0.000001,0.000001,0.000001,0.000001,0.000001,0.000001,0.000001,0.000001,0.000001,0.000001,0.000001,0.000001,0.000001,0.000001,0.000001,0.000001,0.000001,0.000001,0.000001,0.000001,0.000001,0.000001,0.000000,0.000000,0.000000,0.000000,0.000000,0.000000,0.000000,0.000000,0.000000,0.000000,0.000000,0.000000,0.000000,0.000000,0.000000,0.000000,0.000000,0.000000,0.000000,0.000000,0.000000,0.000000,0.000000,0.000000,0.000000,0.000000,0.000000,0.000000,0.000000,0.000000,0.000000,0.000000,0.000000,0.000000,0.000000
0.000000,0.000000,0.000000,0.000000,0.000000,0.000000,0.000000,0.000000,0.000000,0.000000,0.000000,0.000000,0.000000,0.000000,0.000000,0.000000,0.000000,0.000000,0.000000,0.000000,0.000000,0.000000,0.000000,0.000000,0.000000,0.000000,0.000000,0.000000,0.000000,0.000000,0.000000,0.000000,0.000000,0.000000,0.000001,0.000001,0.000001,0.000001,0.000001,0.000001,0.000001,0.000001,0.000001,0.000002,0.000002,0.000002,0.000002,0.000002,0.000002,0.000002,0.000002,0.000002,0.000002,0.000002,0.000002,0.000002,0.000002,0.000002,0.000001,0.000001,0.000001,0.000001,0.000001,0.000001,0.000001,0.000001,0.000001,0.000000,0.000000,0.000000,0.000000,0.000000,0.000000,0.000000,0.000000,0.000000,0.000000,0.000000,0.000000,0.000000,0.000000,0.000000,0.000000,0.000000,0.000000,0.000000,0.000000,0.000000,0.000000,0.000000,0.000000,0.000000,0.000000,0.000000,0.000000,0.000000,0.000000,0.000000,0.000000,0.000000
0.000000,0.000000,0.000000,0.000000,0.000000,0.000000,0.000000,0.000000,0.000000,0.000000,0.000000,0.000000,0.000000,0.000000,0.000000,0.000000,0.000000,0.000000,0.000000,0.000000,0.000000,0.000000,0.000000,0.000000,0.000000,0.000000,0.000000,0.000000,0.000000,0.000000,0.000000,0.000000,0.000001,0.000001,0.000001,0.000001,0.000001,0.000001,0.000001,0.000002,0.000002,0.000002,0.000002,0.000002,0.000002,0.000003,0.000003,0.000003,0.000003,0.000003,0.000003,0.000003,0.000003,0.000003,0.000003,0.000003,0.000002,0.000002,0.000002,0.000002,0.000002,0.000002,0.000001,0.000001,0.000001,0.000001,0.000001,0.000001,0.000001,0.000000,0.000000,0.000000,0.000000,0.000000,0.000000,0.000000,0.000000,0.000000,0.000000,0.000000,0.000000,0.000000,0.000000,0.000000,0.000000,0.000000,0.000000,0.000000,0.000000,0.000000,0.000000,0.000000,0.000000,0.000000,0.000000,0.000000,0.000000,0.000000,0.000000,0.000000
0.000000,0.000000,0.000000,0.000000,0.000000,0.000000,0.000000,0.000000,0.000000,0.000000,0.000000,0.000000,0.000000,0.000000,0.000000,0.000000,0.000000,0.000000,0.000000,0.000000,0.000000,0.000000,0.000000,0.000000,0.000000,0.000000,0.000000,0.000000,0.000000,0.000000,0.000001,0.000001,0.000001,0.000001,0.000001,0.000001,0.000002,0.000002,0.000002,0.000002,0.000002,0.000003,0.000003,0.000003,0.000003,0.000004,0.000004,0.000004,0.000004,0.000004,0.000004,0.000004,0.000004,0.000004,0.000004,0.000004,0.000003,0.000003,0.000003,0.000003,0.000002,0.000002,0.000002,0.000002,0.000002,0.000001,0.000001,0.000001,0.000001,0.000001,0.000001,0.000000,0.000000,0.000000,0.000000,0.000000,0.000000,0.000000,0.000000,0.000000,0.000000,0.000000,0.000000,0.000000,0.000000,0.000000,0.000000,0.000000,0.000000,0.000000,0.000000,0.000000,0.000000,0.000000,0.000000,0.000000,0.000000,0.000000,0.000000,0.000000
0.000000,0.000000,0.000000,0.000000,0.000000,0.000000,0.000000,0.000000,0.000000,0.000000,0.000000,0.000000,0.000000,0.000000,0.000000,0.000000,0.000000,0.000000,0.000000,0.000000,0.000000,0.000000,0.000000,0.000000,0.000000,0.000000,0.000000,0.000000,0.000001,0.000001,0.000001,0.000001,0.000001,0.000001,0.000002,0.000002,0.000002,0.000002,0.000003,0.000003,0.000003,0.000004,0.000004,0.000004,0.000005,0.000005,0.000005,0.000005,0.000006,0.000006,0.000006,0.000006,0.000006,0.000005,0.000005,0.000005,0.000005,0.000004,0.000004,0.000004,0.000003,0.000003,0.000003,0.000002,0.000002,0.000002,0.000002,0.000001,0.000001,0.000001,0.000001,0.000001,0.000001,0.000000,0.000000,0.000000,0.000000,0.000000,0.000000,0.000000,0.000000,0.000000,0.000000,0.000000,0.000000,0.000000,0.000000,0.000000,0.000000,0.000000,0.000000,0.000000,0.000000,0.000000,0.000000,0.000000,0.000000,0.000000,0.000000,0.000000
0.000000,0.000000,0.000000,0.000000,0.000000,0.000000,0.000000,0.000000,0.000000,0.000000,0.000000,0.000000,0.000000,0.000000,0.000000,0.000000,0.000000,0.000000,0.000000,0.000000,0.000000,0.000000,0.000000,0.000000,0.000000,0.000000,0.000000,0.000001,0.000001,0.000001,0.000001,0.000001,0.000002,0.000002,0.000002,0.000003,0.000003,0.000003,0.000004,0.000004,0.000005,0.000005,0.000006,0.000006,0.000007,0.000007,0.000007,0.000007,0.000008,0.000008,0.000008,0.000008,0.000008,0.000007,0.000007,0.000007,0.000007,0.000006,0.000006,0.000005,0.000005,0.000004,0.000004,0.000003,0.000003,0.000003,0.000002,0.000002,0.000002,0.000001,0.000001,0.000001,0.000001,0.000001,0.000000,0.000000,0.000000,0.000000,0.000000,0.000000,0.000000,0.000000,0.000000,0.000000,0.000000,0.000000,0.000000,0.000000,0.000000,0.000000,0.000000,0.000000,0.000000,0.000000,0.000000,0.000000,0.000000,0.000000,0.000000,0.000000
0.000000,0.000000,0.000000,0.000000,0.000000,0.000000,0.000000,0.000000,0.000000,0.000000,0.000000,0.000000,0.000000,0.000000,0.000000,0.000000,0.000000,0.000000,0.000000,0.000000,0.000000,0.000000,0.000000,0.000000,0.000000,0.000001,0.000001,0.000001,0.000001,0.000001,0.000002,0.000002,0.000002,0.000003,0.000003,0.000004,0.000004,0.000005,0.000005,0.000006,0.000007,0.000007,0.000008,0.000008,0.000009,0.000009,0.000010,0.000010,0.000010,0.000011,0.000011,0.000011,0.000010,0.000010,0.000010,0.000009,0.000009,0.000008,0.000008,0.000007,0.000007,0.000006,0.000005,0.000005,0.000004,0.000004,0.000003,0.000003,0.000002,0.000002,0.000002,0.000001,0.000001,0.000001,0.000001,0.000001,0.000000,0.000000,0.000000,0.000000,0.000000,0.000000,0.000000,0.000000,0.000000,0.000000,0.000000,0.000000,0.000000,0.000000,0.000000,0.000000,0.000000,0.000000,0.000000,0.000000,0.000000,0.000000,0.000000,0.000000
0.000000,0.000000,0.000000,0.000000,0.000000,0.000000,0.000000,0.000000,0.000000,0.000000,0.000000,0.000000,0.000000,0.000000,0.000000,0.000000,0.000000,0.000000,0.000000,0.000000,0.000000,0.000000,0.000000,0.000000,0.000001,0.000001,0.000001,0.000001,0.000001,0.000002,0.000002,0.000002,0.000003,0.000004,0.000004,0.000005,0.000006,0.000006,0.000007,0.000008,0.000009,0.000010,0.000011,0.000011,0.000012,0.000013,0.000013,0.000014,0.000014,0.000014,0.000014,0.000014,0.000014,0.000014,0.000013,0.000013,0.000012,0.000011,0.000011,0.000010,0.000009,0.000008,0.000007,0.000006,0.000006,0.000005,0.000004,0.000004,0.000003,0.000002,0.000002,0.000002,0.000001,0.000001,0.000001,0.000001,0.000001,0.000000,0.000000,0.000000,0.000000,0.000000,0.000000,0.000000,0.000000,0.000000,0.000000,0.000000,0.000000,0.000000,0.000000,0.000000,0.000000,0.000000,0.000000,0.000000,0.000000,0.000000,0.000000,0.000000
0.000000,0.000000,0.000000,0.000000,0.000000,0.000000,0.000000,0.000000,0.000000,0.000000,0.000000,0.000000,0.000000,0.000000,0.000000,0.000000,0.000000,0.000000,0.000000,0.000000,0.000000,0.000000,0.000000,0.000001,0.000001,0.000001,0.000001,0.000001,0.000002,0.000002,0.000003,0.000003,0.000004,0.000005,0.000006,0.000006,0.000007,0.000008,0.000010,0.000011,0.000012,0.000013,0.000014,0.000015,0.000016,0.000017,0.000018,0.000019,0.000019,0.000019,0.000019,0.000019,0.000019,0.000019,0.000018,0.000017,0.000016,0.000015,0.000014,0.000013,0.000012,0.000011,0.000010,0.000008,0.000007,0.000006,0.000006,0.000005,0.000004,0.000003,0.000003,0.000002,0.000002,0.000001,0.000001,0.000001,0.000001,0.000001,0.000000,0.000000,0.000000,0.000000,0.000000,0.000000,0.000000,0.000000,0.000000,0.000000,0.000000,0.000000,0.000000,0.000000,0.000000,0.000000,0.000000,0.000000,0.000000,0.000000,0.000000,0.000000
0.000000,0.000000,0.000000,0.000000,0.000000,0.000000,0.000000,0.000000,0.000000,0.000000,0.000000,0.000000,0.000000,0.000000,0.000000,0.000000,0.000000,0.000000,0.000000,0.000000,0.000000,0.000000,0.000001,0.000001,0.000001,0.000001,0.000002,0.000002,0.000002,0.000003,0.000004,0.000004,0.000005,0.000006,0.000007,0.000009,0.000010,0.000011,0.000013,0.000014,0.000016,0.000017,0.000019,0.000020,0.000022,0.000023,0.000024,0.000025,0.000025,0.000026,0.000026,0.000026,0.000025,0.000025,0.000024,0.000023,0.000022,0.000020,0.000019,0.000017,0.000016,0.000014,0.000013,0.000011,0.000010,0.000009,0.000007,0.000006,0.000005,0.000004,0.000004,0.000003,0.000002,0.000002,0.000002,0.000001,0.000001,0.000001,0.000001,0.000000,0.000000,0.000000,0.000000,0.000000,0.000000,0.000000,0.000000,0.000000,0.000000,0.000000,0.000000,0.000000,0.000000,0.000000,0.000000,0.000000,0.000000,0.000000,0.000000,0.000000
0.000000,0.000000,0.000000,0.000000,0.000000,0.000000,0.000000,0.000000,0.000000,0.000000,0.000000,0.000000,0.000000,0.000000,0.000000,0.000000,0.000000,0.000000,0.000000,0.000000,0.000000,0.000001,0.000001,0.000001,0.000001,0.000002,0.000002,0.000003,0.000003,0.000004,0.000005,0.000006,0.000007,0.000008,0.000010,0.000011,0.000013,0.000015,0.000017,0.000019,0.000021,0.000023,0.000025,0.000027,0.000029,0.000030,0.000031,0.000033,0.000033,0.000034,0.000034,0.000034,0.000033,0.000033,0.000031,0.000030,0.000029,0.000027,0.000025,0.000023,0.000021,0.000019,0.000017,0.000015,0.000013,0.000011,0.000010,0.000008,0.000007,0.000006,0.000005,0.000004,0.000003,0.000003,0.000002,0.000002,0.000001,0.000001,0.000001,0.000001,0.000000,0.000000,0.000000,0.000000,0.000000,0.000000,0.000000,0.000000,0.000000,0.000000,0.000000,0.000000,0.000000,0.000000,0.000000,0.000000,0.000000,0.000000,0.000000,0.000000
0.000000,0.000000,0.000000,0.000000,0.000000,0.000000,0.000000,0.000000,0.000000,0.000000,0.000000,0.000000,0.000000,0.000000,0.000000,0.000000,0.000000,0.000000,0.000000,0.000000,0.000001,0.000001,0.000001,0.000001,0.000002,0.000002,0.000003,0.000003,0.000004,0.000005,0.000006,0.000008,0.000009,0.000011,0.000013,0.000015,0.000017,0.000019,0.000022,0.000025,0.000027,0.000030,0.000032,0.000035,0.000037,0.000039,0.000041,0.000043,0.000044,0.000044,0.000044,0.000044,0.000044,0.000043,0.000041,0.000039,0.000037,0.000035,0.000032,0.000030,0.000027,0.000025,0.000022,0.000019,0.000017,0.000015,0.000013,0.000011,0.000009,0.000008,0.000006,0.000005,0.000004,0.000003,0.000003,0.000002,0.000002,0.000001,0.000001,0.000001,0.000001,0.000000,0.000000,0.000000,0.000000,0.000000,0.000000,0.000000,0.000000,0.000000,0.000000,0.000000,0.000000,0.000000,0.000000,0.000000,0.000000,0.000000,0.000000,0.000000
0.000000,0.000000,0.000000,0.000000,0.000000,0.000000,0.000000,0.000000,0.000000,0.000000,0.000000,0.000000,0.000000,0.000000,0.000000,0.000000,0.000000,0.000000,0.000000,0.000001,0.000001,0.000001,0.000001,0.000002,0.000002,0.000003,0.000003,0.000004,0.000005,0.000007,0.000008,0.000010,0.000012,0.000014,0.000016,0.000019,0.000022,0.000025,0.000028,0.000032,0.000035,0.000039,0.000042,0.000045,0.000048,0.000051,0.000053,0.000055,0.000056,0.000057,0.000058,0.000057,0.000056,0.000055,0.000053,0.000051,0.000048,0.000045,0.000042,0.000039,0.000035,0.000032,0.000028,0.000025,0.000022,0.000019,0.000016,0.000014,0.000012,0.000010,0.000008,0.000007,0.000005,0.000004,0.000003,0.000003,0.000002,0.000002,0.000001,0.000001,0.000001,0.000001,0.000000,0.000000,0.000000,0.000000,0.000000,0.000000,0.000000,0.000000,0.000000,0.000000,0.000000,0.000000,0.000000,0.000000,0.000000,0.000000,0.000000,0.000000
0.000000,0.000000,0.000000,0.000000,0.000000,0.000000,0.000000,0.000000,0.000000,0.000000,0.000000,0.000000,0.000000,0.000000,0.000000,0.000000,0.000000,0.000000,0.000001,0.000001,0.000001,0.000001,0.000002,0.000002,0.000003,0.000003,0.000004,0.000006,0.000007,0.000009,0.000010,0.000013,0.000015,0.000018,0.000021,0.000024,0.000028,0.000032,0.000036,0.000041,0.000045,0.000050,0.000054,0.000058,0.000062,0.000065,0.000068,0.000070,0.000072,0.000073,0.000074,0.000073,0.000072,0.000070,0.000068,0.000065,0.000062,0.000058,0.000054,0.000050,0.000045,0.000041,0.000036,0.000032,0.000028,0.000024,0.000021,0.000018,0.000015,0.000013,0.000010,0.000009,0.000007,0.000006,0.000004,0.000003,0.000003,0.000002,0.000002,0.000001,0.000001,0.000001,0.000001,0.000000,0.000000,0.000000,0.000000,0.000000,0.000000,0.000000,0.000000,0.000000,0.000000,0.000000,0.000000,0.000000,0.000000,0.000000,0.000000,0.000000
0.000000,0.000000,0.000000,0.000000,0.000000,0.000000,0.000000,0.000000,0.000000,0.000000,0.000000,0.000000,0.000000,0.000000,0.000000,0.000000,0.000000,0.000000,0.000001,0.000001,0.000001,0.000002,0.000002,0.000003,0.000003,0.000004,0.000006,0.000007,0.000009,0.000011,0.000013,0.000016,0.000019,0.000023,0.000027,0.000031,0.000036,0.000041,0.000046,0.000052,0.000057,0.000063,0.000068,0.000074,0.000078,0.000083,0.000086,0.000089,0.000092,0.000093,0.000093,0.000093,0.000092,0.000089,0.000086,0.000083,0.000078,0.000074,0.000068,0.000063,0.000057,0.000052,0.000046,0.000041,0.000036,0.000031,0.000027,0.000023,0.000019,0.000016,0.000013,0.000011,0.000009,0.000007,0.000006,0.000004,0.000003,0.000003,0.000002,0.000002,0.000001,0.000001,0.000001,0.000000,0.000000,0.000000,0.000000,0.000000,0.000000,0.000000,0.000000,0.000000,0.000000,0.000000,0.000000,0.000000,0.000000,0.000000,0.000000,0.000000
0.000000,0.000000,0.000000,0.000000,0.000000,0.000000,0.000000,0.000000,0.000000,0.000000,0.000000,0.000000,0.000000,0.000000,0.000000,0.000000,0.000000,0.000001,0.000001,0.000001,0.000001,0.000002,0.000003,0.000003,0.000004,0.000006,0.000007,0.000009,0.000011,0.000014,0.000017,0.000020,0.000024,0.000029,0.000034,0.000039,0.000045,0.000051,0.000058,0.000065,0.000072,0.000079,0.000086,0.000092,0.000098,0.000104,0.000109,0.000112,0.000115,0.000117,0.000118,0.000117,0.000115,0.000112,0.000109,0.000104,0.000098,0.000092,0.000086,0.000079,0.000072,0.000065,0.000058,0.000051,0.000045,0.000039,0.000034,0.000029,0.000024,0.000020,0.000017,0.000014,0.000011,0.000009,0.000007,0.000006,0.000004,0.000003,0.000003,0.000002,0.000001,0.000001,0.000001,0.000001,0.000000,0.000000,0.000000,0.000000,0.000000,0.000000,0.000000,0.000000,0.000000,0.000000,0.000000,0.000000,0.000000,0.000000,0.000000,0.000000
0.000000,0.000000,0.000000,0.000000,0.000000,0.000000,0.000000,0.000000,0.000000,0.000000,0.000000,0.000000,0.000000,0.000000,0.000000,0.000000,0.000001,0.000001,0.000001,0.000001,0.000002,0.000002,0.000003,0.000004,0.000005,0.000007,0.000009,0.000011,0.000014,0.000017,0.000021,0.000025,0.000030,0.000036,0.000042,0.000049,0.000056,0.000064,0.000072,0.000081,0.000090,0.000098,0.000107,0.000115,0.000123,0.000129,0.000135,0.000140,0.000143,0.000146,0.000146,0.000146,0.000143,0.000140,0.000135,0.000129,0.000123,0.000115,0.000107,0.000098,0.000090,0.000081,0.000072,0.000064,0.000056,0.000049,0.000042,0.000036,0.000030,0.000025,0.000021,0.000017,0.000014,0.000011,0.000009,0.000007,0.000005,0.000004,0.000003,0.000002,0.000002,0.000001,0.000001,0.000001,0.000001,0.000000,0.000000,0.000000,0.000000,0.000000,0.000000,0.000000,0.000000,0.000000,0.000000,0.000000,0.000000,0.000000,0.000000,0.000000
0.000000,0.000000,0.000000,0.000000,0.000000,0.000000,0.000000,0.000000,0.000000,0.000000,0.000000,0.000000,0.000000,0.000000,0.000000,0.000000,0.000001,0.000001,0.000001,0.000002,0.000002,0.000003,0.000004,0.000005,0.000007,0.000009,0.000011,0.000014,0.000017,0.000021,0.000025,0.000031,0.000037,0.000044,0.000051,0.000060,0.000069,0.000079,0.000089,0.000100,0.000110,0.000121,0.000132,0.000142,0.000151,0.000160,0.000167,0.000173,0.000177,0.000179,0.000180,0.000179,0.000177,0.000173,0.000167,0.000160,0.000151,0.000142,0.000132,0.000121,0.000110,0.000100,0.000089,0.000079,0.000069,0.000060,0.000051,0.000044,0.000037,0.000031,0.000025,0.000021,0.000017,0.000014,0.000011,0.000009,0.000007,0.000005,0.000004,0.000003,0.000002,0.000002,0.000001,0.000001,0.000001,0.000000,0.000000,0.000000,0.000000,0.000000,0.000000,0.000000,0.000000,0.000000,0.000000,0.000000,0.000000,0.000000,0.000000,0.000000
0.000000,0.000000,0.000000,0.000000,0.000000,0.000000,0.000000,0.000000,0.000000,0.000000,0.000000,0.000000,0.000000,0.000000,0.000000,0.000001,0.000001,0.000001,0.000002,0.000002,0.000003,0.000004,0.000005,0.000006,0.000008,0.000010,0.000013,0.000017,0.000021,0.000025,0.000031,0.000038,0.000045,0.000054,0.000063,0.000073,0.000084,0.000096,0.000109,0.000122,0.000135,0.000148,0.000161,0.000173,0.000185,0.000195,0.000204,0.000211,0.000216,0.000219,0.000220,0.000219,0.000216,0.000211,0.000204,0.000195,0.000185,0.000173,0.000161,0.000148,0.000135,0.000122,0.000109,0.000096,0.000084,0.000073,0.000063,0.000054,0.000045,0.000038,0.000031,0.000025,0.000021,0.000017,0.000013,0.000010,0.000008,0.000006,0.000005,0.000004,0.000003,0.000002,0.000002,0.000001,0.000001,0.000001,0.000000,0.000000,0.000000,0.000000,0.000000,0.000000,0.000000,0.000000,0.000000,0.000000,0.000000,0.000000,0.000000,0.000000
0.000000,0.000000,0.000000,0.000000,0.000000,0.000000,0.000000,0.000000,0.000000,0.000000,0.000000,0.000000,0.000000,0.000000,0.000000,0.000001,0.000001,0.000001,0.000002,0.000002,0.000003,0.000004,0.000006,0.000008,0.000010,0.000013,0.000016,0.000020,0.000025,0.000031,0.000038,0.000046,0.000055,0.000065,0.000076,0.000088,0.000102,0.000116,0.000132,0.000147,0.000163,0.000179,0.000195,0.000209,0.000223,0.000236,0.000246,0.000255,0.000261,0.000265,0.000266,0.000265,0.000261,0.000255,0.000246,0.000236,0.000223,0.000209,0.000195,0.000179,0.000163,0.000147,0.000132,0.000116,0.000102,0.000088,0.000076,0.000065,0.000055,0.000046,0.000038,0.000031,0.000025,0.000020,0.000016,0.000013,0.000010,0.000008,0.000006,0.000004,0.000003,0.000002,0.000002,0.000001,0.000001,0.000001,0.000000,0.000000,0.000000,0.000000,0.000000,0.000000,0.000000,0.000000,0.000000,0.000000,0.000000,0.000000,0.000000,0.000000
0.000000,0.000000,0.000000,0.000000,0.000000,0.000000,0.000000,0.000000,0.000000,0.000000,0.000000,0.000000,0.000000,0.000000,0.000001,0.000001,0.000001,0.000002,0.000002,0.000003,0.000004,0.000005,0.000007,0.000009,0.000012,0.000015,0.000019,0.000024,0.000030,0.000037,0.000045,0.000055,0.000065,0.000078,0.000091,0.000106,0.000122,0.000139,0.000158,0.000176,0.000195,0.000215,0.000233,0.000251,0.000267,0.000282,0.000295,0.000305,0.000313,0.000318,0.000319,0.000318,0.000313,0.000305,0.000295,0.000282,0.000267,0.000251,0.000233,0.000215,0.000195,0.000176,0.000158,0.000139,0.000122,0.000106,0.000091,0.000078,0.000065,0.000055,0.000045,0.000037,0.000030,0.000024,0.000019,0.000015,0.000012,0.000009,0.000007,0.000005,0.000004,0.000003,0.000002,0.000002,0.000001,0.000001,0.000001,0.000000,0.000000,0.000000,0.000000,0.000000,0.000000,0.000000,0.000000,0.000000,0.000000,0.000000,0.000000,0.000000
0.000000,0.000000,0.000000,0.000000,0.000000,0.000000,0.000000,0.000000,0.000000,0.000000,0.000000,0.000000,0.000000,0.000000,0.000001,0.000001,0.000001,0.000002,0.000003,0.000004,0.000005,0.000006,0.000008,0.000011,0.000014,0.000018,0.000023,0.000029,0.000036,0.000044,0.000054,0.000065,0.000078,0.000092,0.000108,0.000126,0.000145,0.000165,0.000187,0.000209,0.000232,0.000254,0.000277,0.000298,0.000317,0.000335,0.000350,0.000362,0.000371,0.000377,0.000379,0.000377,0.000371,0.000362,0.000350,0.000335,0.000317,0.000298,0.000277,0.000254,0.000232,0.000209,0.000187,0.000165,0.000145,0.000126,0.000108,0.000092,0.000078,0.000065,0.000054,0.000044,0.000036,0.000029,0.000023,0.000018,0.000014,0.000011,0.000008,0.000006,0.000005,0.000004,0.000003,0.000002,0.000001,0.000001,0.000001,0.000000,0.000000,0.000000,0.000000,0.000000,0.000000,0.000000,0.000000,0.000000,0.000000,0.000000,0.000000,0.000000
0.000000,0.000000,0.000000,0.000000,0.000000,0.000000,0.000000,0.000000,0.000000,0.000000,0.000000,0.000000,0.000000,0.000001,0.000001,0.000001,0.000002,0.000002,0.000003,0.000004,0.000006,0.000007,0.000010,0.000013,0.000016,0.000021,0.000027,0.000034,0.000042,0.000051,0.000063,0.000076,0.000091,0.000108,0.000127,0.000148,0.000170,0.000194,0.000220,0.000246,0.000272,0.000299,0.000325,0.000350,0.000373,0.000393,0.000411,0.000426,0.000436,0.000443,0.000445,0.000443,0.000436,0.000426,0.000411,0.000393,0.000373,0.000350,0.000325,0.000299,0.000272,0.000246,0.000220,0.000194,0.000170,0.000148,0.000127,0.000108,0.000091,0.000076,0.000063,0.000051,0.000042,0.000034,0.000027,0.000021,0.000016,0.000013,0.000010,0.000007,0.000006,0.000004,0.000003,0.000002,0.000002,0.000001,0.000001,0.000001,0.000000,0.000000,0.000000,0.000000,0.000000,0.000000,0.000000,0.000000,0.000000,0.000000,0.000000,0.000000
0.000000,0.000000,0.000000,0.000000,0.000000,0.000000,0.000000,0.000000,0.000000,0.000000,0.000000,0.000000,0.000000,0.000001,0.000001,0.000001,0.000002,0.000003,0.000004,0.000005,0.000006,0.000009,0.000011,0.000015,0.000019,0.000024,0.000031,0.000039,0.000049,0.000060,0.000073,0.000088,0.000106,0.000126,0.000148,0.000172,0.000198,0.000226,0.000256,0.000286,0.000317,0.000348,0.000378,0.000407,0.000434,0.000458,0.000479,0.000495,0.000508,0.000515,0.000518,0.000515,0.000508,0.000495,0.000479,0.000458,0.000434,0.000407,0.000378,0.000348,0.000317,0.000286,0.000256,0.000226,0.000198,0.000172,0.000148,0.000126,0.000106,0.000088,0.000073,0.000060,0.000049,0.000039,0.000031,0.000024,0.000019,0.000015,0.000011,0.000009,0.000006,0.000005,0.000004,0.000003,0.000002,0.000001,0.000001,0.000001,0.000000,0.000000,0.000000,0.000000,0.000000,0.000000,0.000000,0.000000,0.000000,0.000000,0.000000,0.000000
0.000000,0.000000,0.000000,0.000000,0.000000,0.000000,0.000000,0.000000,0.000000,0.000000,0.000000,0.000000,0.000001,0.000001,0.000001,0.000002,0.000002,0.000003,0.000004,0.000006,0.000007,0.000010,0.000013,0.000017,0.000022,0.000028,0.000036,0.000045,0.000056,0.000069,0.000084,0.000102,0.000122,0.000145,0.000170,0.000198,0.000228,0.000261,0.000294,0.000330,0.000365,0.000401,0.000436,0.000469,0.000500,0.000528,0.000551,0.000571,0.000585,0.000594,0.000596,0.000594,0.000585,0.000571,0.000551,0.000528,0.000500,0.000469,0.000436,0.000401,0.000365,0.000330,0.000294,0.000261,0.000228,0.000198,0.000170,0.000145,0.000122,0.000102,0.000084,0.000069,0.000056,0.000045,0.000036,0.000028,0.000022,0.000017,0.000013,0.000010,0.000007,0.000006,0.000004,0.000003,0.000002,0.000002,0.000001,0.000001,0.000001,0.000000,0.000000,0.000000,0.000000,0.000000,0.000000,0.000000,0.000000,0.000000,0.000000,0.000000
0.000000,0.000000,0.000000,0.000000,0.000000,0.000000,0.000000,0.000000,0.000000,0.000000,0.000000,0.000000,0.000001,0.000001,0.000001,0.000002,0.000002,0.000003,0.000005,0.000006,0.000008,0.000011,0.000015,0.000019,0.000025,0.000032,0.000041,0.000051,0.000064,0.000079,0.000096,0.000116,0.000139,0.000165,0.000194,0.000226,0.000261,0.000297,0.000336,0.000376,0.000417,0.000458,0.000497,0.000535,0.000570,0.000602,0.000629,0.000651,0.000667,0.000677,0.000681,0.000677,0.000667,0.000651,0.000629,0.000602,0.000570,0.000535,0.000497,0.000458,0.000417,0.000376,0.000336,0.000297,0.000261,0.000226,0.000194,0.000165,0.000139,0.000116,0.000096,0.000079,0.000064,0.000051,0.000041,0.000032,0.000025,0.000019,0.000015,0.000011,0.000008,0.000006,0.000005,0.000003,0.000002,0.000002,0.000001,0.000001,0.000001,0.000000,0.000000,0.000000,0.000000,0.000000,0.000000,0.000000,0.000000,0.000000,0.000000,0.000000
0.000000,0.000000,0.000000,0.000000,0.000000,0.000000,0.000000,0.000000,0.000000,0.000000,0.000000,0.000000,0.000001,0.000001,0.000001,0.000002,0.000003,0.000004,0.000005,0.000007,0.000010,0.000013,0.000017,0.000022,0.000028,0.000036,0.000046,0.000058,0.000072,0.000089,0.000109,0.000132,0.000158,0.000187,0.000220,0.000256,0.000294,0.000336,0.000380,0.000425,0.000471,0.000517,0.000562,0.000605,0.000645,0.000680,0.000711,0.000736,0.000754,0.000765,0.000769,0.000765,0.000754,0.000736,0.000711,0.000680,0.000645,0.000605,0.000562,0.000517,0.000471,0.000425,0.000380,0.000336,0.000294,0.000256,0.000220,0.000187,0.000158,0.000132,0.000109,0.000089,0.000072,0.000058,0.000046,0.000036,0.000028,0.000022,0.000017,0.000013,0.000010,0.000007,0.000005,0.000004,0.000003,0.000002,0.000001,0.000001,0.000001,0.000000,0.000000,0.000000,0.000000,0.000000,0.000000,0.000000,0.000000,0.000000,0.000000,0.000000
0.000000,0.000000,0.000000,0.000000,0.000000,0.000000,0.000000,0.000000,0.000000,0.000000,0.000000,0.000001,0.000001,0.000001,0.000002,0.000002,0.000003,0.000004,0.000006,0.000008,0.000011,0.000014,0.000019,0.000025,0.000032,0.000041,0.000052,0.000065,0.000081,0.000100,0.000122,0.000147,0.000176,0.000209,0.000246,0.000286,0.000330,0.000376,0.000425,0.000476,0.000527,0.000579,0.000629,0.000677,0.000722,0.000762,0.000796,0.000824,0.000844,0.000857,0.000861,0.000857,0.000844,0.000824,0.000796,0.000762,0.000722,0.000677,0.000629,0.000579,0.000527,0.000476,0.000425,0.000376,0.000330,0.000286,0.000246,0.000209,0.000176,0.000147,0.000122,0.000100,0.000081,0.000065,0.000052,0.000041,0.000032,0.000025,0.000019,0.000014,0.000011,0.000008,0.000006,0.000004,0.000003,0.000002,0.000002,0.000001,0.000001,0.000001,0.000000,0.000000,0.000000,0.000000,0.000000,0.000000,0.000000,0.000000,0.000000,0.000000
0.000000,0.000000,0.000000,0.000000,0.000000,0.000000,0.000000,0.000000,0.000000,0.000000,0.000000,0.000001,0.000001,0.000001,0.000002,0.000002,0.000003,0.000005,0.000007,0.000009,0.000012,0.000016,0.000021,0.000027,0.000035,0.000045,0.000057,0.000072,0.000090,0.000110,0.000135,0.000163,0.000195,0.000232,0.000272,0.000317,0.000365,0.000417,0.000471,0.000527,0.000584,0.000641,0.000697,0.000750,0.000800,0.000844,0.000882,0.000913,0.000936,0.000950,0.000954,0.000950,0.000936,0.000913,0.000882,0.000844,0.000800,0.000750,0.000697,0.000641,0.000584,0.000527,0.000471,0.000417,0.000365,0.000317,0.000272,0.000232,0.000195,0.000163,0.000135,0.000110,0.000090,0.000072,0.000057,0.000045,0.000035,0.000027,0.000021,0.000016,0.000012,0.000009,0.000007,0.000005,0.000003,0.000002,0.000002,0.000001,0.000001,0.000001,0.000000,0.000000,0.000000,0.000000,0.000000,0.000000,0.000000,0.000000,0.000000,0.000000
0.000000,0.000000,0.000000,0.000000,0.000000,0.000000,0.000000,0.000000,0.000000,0.000000,0.000000,0.000001,0.000001,0.000001,0.000002,0.000003,0.000004,0.000005,0.000007,0.000010,0.000013,0.000017,0.000023,0.000030,0.000039,0.000050,0.000063,0.000079,0.000098,0.000121,0.000148,0.000179,0.000215,0.000254,0.000299,0.000348,0.000401,0.000458,0.000517,0.000579,0.000641,0.000704,0.000765,0.000824,0.000878,0.000926,0.000968,0.001002,0.001027,0.001042,0.001047,0.001042,0.001027,0.001002,0.000968,0.000926,0.000878,0.000824,0.000765,0.000704,0.000641,0.000579,0.000517,0.000458,0.000401,0.000348,0.000299,0.000254,0.000215,0.000179,0.000148,0.000121,0.000098,0.000079,0.000063,0.000050,0.000039,0.000030,0.000023,0.000017,0.000013,0.000010,0.000007,0.000005,0.000004,0.000003,0.000002,0.000001,0.000001,0.000001,0.000000,0.000000,0.000000,0.000000,0.000000,0.000000,0.000000,0.000000,0.000000,0.000000
0.000000,0.000000,0.000000,0.000000,0.000000,0.000000,0.000000,0.000000,0.000000,0.000000,0.000000,0.000001,0.000001,0.000001,0.000002,0.000003,0.000004,0.000006,0.000008,0.000011,0.000014,0.000019,0.000025,0.000032,0.000042,0.000054,0.000068,0.000086,0.000107,0.000132,0.000161,0.000195,0.000233,0.000277,0.000325,0.000378,0.000436,0.000497,0.000562,0.000629,0.000697,0.000765,0.000832,0.000895,0.000954,0.001007,0.001052,0.001089,0.001116,0.001133,0.001138,0.001133,0.001116,0.001089,0.001052,0.001007,0.000954,0.000895,0.000832,0.000765,0.000697,0.000629,0.000562,0.000497,0.000436,0.000378,0.000325,0.000277,0.000233,0.000195,0.000161,0.000132,0.000107,0.000086,0.000068,0.000054,0.000042,0.000032,0.000025,0.000019,0.000014,0.000011,0.000008,0.000006,0.000004,0.000003,0.000002,0.000001,0.000001,0.000001,0.000000,0.000000,0.000000,0.000000,0.000000,0.000000,0.000000,0.000000,0.000000,0.000000
0.000000,0.000000,0.000000,0.000000,0.000000,0.000000,0.000000,0.000000,0.000000,0.000000,0.000001,0.000001,0.000001,0.000002,0.000002,0.000003,0.000004,0.000006,0.000008,0.000011,0.000015,0.000020,0.000027,0.000035,0.000045,0.000058,0.000074,0.000092,0.000115,0.000142,0.000173,0.000209,0.000251,0.000298,0.000350,0.000407,0.000469,0.000535,0.000605,0.000677,0.000750,0.000824,0.000895,0.000963,0.001027,0.001084,0.001133,0.001172,0.001201,0.001219,0.001225,0.001219,0.001201,0.001172,0.001133,0.001084,0.001027,0.000963,0.000895,0.000824,0.000750,0.000677,0.000605,0.000535,0.000469,0.000407,0.000350,0.000298,0.000251,0.000209,0.000173,0.000142,0.000115,0.000092,0.000074,0.000058,0.000045,0.000035,0.000027,0.000020,0.000015,0.000011,0.000008,0.000006,0.000004,0.000003,0.000002,0.000002,0.000001,0.000001,0.000001,0.000000,0.000000,0.000000,0.000000,0.000000,0.000000,0.000000,0.000000,0.000000
