0.000000,0.000000,0.000000,0.000000,0.000000,0.000000,0.000000,0.000000,0.000000,0.000000,0.000000,0.000000,0.000000,0.000000,0.000000,0.000000,0.000000,0.000000,0.000000,0.000000,0.000000,0.000000,0.000000,0.000000,0.000000,0.000000,0.000000,0.000000,0.000000,0.000000,0.000000,0.000000,0.000000,0.000000,0.000000,0.000000,0.000000,0.000000,0.000000,0.000000,0.000000,0.000000,0.000000,0.000000,0.000000,0.000000,0.000000,0.000000,0.000000,0.000000,0.000000,0.000000,0.000000,0.000000,0.000000,0.000000,0.000000,0.000000,0.000000,0.000000,0.000000,0.000000,0.000000,0.000000,0.000000,0.000000,0.000000,0.000000,0.000000,0.000000,0.000000,0.000000,0.000000,0.000000,0.000000,0.000000,0.000000,0.000000,0.000000,0.000000,0.000000,0.000000,0.000000,0.000000,0.000000,0.000000,0.000000,0.000000,0.000000,0.000000,0.000000,0.000000,0.000000,0.000000,0.000000,0.000000,0.000000,0.000000,0.000000,0.000000
0.000000,0.000000,0.000000,0.000000,0.000000,0.000000,0.000000,0.000000,0.000000,0.000000,0.000000,0.000000,0.000000,0.000000,0.000000,0.000000,0.000000,0.000000,0.000000,0.000000,0.000000,0.000000,0.000000,0.000000,0.000000,0.000000,0.000000,0.000000,0.000000,0.000000,0.000000,0.000000,0.000000,0.000000,0.000000,0.000000,0.000000,0.000000,0.000000,0.000000,0.000000,0.000000,0.000000,0.000000,0.000000,0.000000,0.000000,0.000000,0.000000,0.000000,0.000000,0.000000,0.000000,0.000000,0.000000,0.000000,0.000000,0.000000,0.000000,0.000000,0.000000,0.000000,0.000000,0.000000,0.000000,0.000000,0.000000,0.000000,0.000000,0.000000,0.000000,0.000000,0.000000,0.000000,0.000000,0.000000,0.000000,0.000000,0.000000,0.000000,0.000000,0.000000,0.000000,0.000000,0.000000,0.000000,0.000000,0.000000,0.000000,0.000000,0.000000,0.000000,0.000000,0.000000,0.000000,0.000000,0.000000,0.000000,0.000000,0.000000
0.000000,0.000000,0.000000,0.000000,0.000000,0.000000,0.000000,0.000000,0.000000,0.000000,0.000000,0.000000,0.000000,0.000000,0.000000,0.000000,0.000000,0.000000,0.000000,0.000000,0.000000,0.000000,0.000000,0.000000,0.000000,0.000000,0.000000,0.000000,0.000000,0.000000,0.000000,0.000000,0.000000,0.000000,0.000000,0.000000,0.000000,0.000000,0.000000,0.000000,0.000000,0.000000,0.000000,0.000000,0.000000,0.000000,0.000000,0.000000,0.000000,0.000000,0.000000,0.000000,0.000000,0.000000,0.000000,0.000000,0.000000,0.000000,0.000000,0.000000,0.000000,0.000000,0.000000,0.000000,0.000000,0.000000,0.000000,0.000000,0.000000,0.000000,0.000000,0.000000,0.000000,0.000000,0.000000,0.000000,0.000000,0.000000,0.000000,0.000000,0.000000,0.000000,0.000000,0.000000,0.000000,0.000000,0.000000,0.000000,0.000000,0.000000,0.000000,0.000000,0.000000,0.000000,0.000000,0.000000,0.000000,0.000000,0.000000,0.000000
0.000000,0.000000,0.000000,0.000000,0.000000,0.000000,0.000000,0.000000,0.000000,0.000000,0.000000,0.000000,0.000000,0.000000,0.000000,0.000000,0.000000,0.000000,0.000000,0.000000,0.000000,0.000000,0.000000,0.000000,0.000000,0.000000,0.000000,0.000000,0.000000,0.000000,0.000000,0.000000,0.000000,0.000000,0.000000,0.000000,0.000000,0.000000,0.000000,0.000000,0.000000,0.000000,0.000000,0.000000,0.000000,0.000000,0.000000,0.000000,0.000000,0.000000,0.000000,0.000000,0.000000,0.000000,0.000000,0.000000,0.000000,0.000000,0.000000,0.000000,0.000000,0.000000,0.000000,0.000000,0.000000,0.000000,0.000000,0.000000,0.000000,0.000000,0.000000,0.000000,0.000000,0.000000,0.000000,0.000000,0.000000,0.000000,0.000000,0.000000,0.000000,0.000000,0.000000,0.000000,0.000000,0.000000,0.000000,0.000000,0.000000,0.000000,0.000000,0.000000,0.000000,0.000000,0.000000,0.000000,0.000000,0.000000,0.000000,0.000000
0.000000,0.000000,0.000000,0.000000,0.000000,0.000000,0.000000,0.000000,0.000000,0.000000,0.000000,0.000000,0.000000,0.000000,0.000000,0.000000,0.000000,0.000000,0.000000,0.000000,0.000000,0.000000,0.000000,0.000000,0.000000,0.000000,0.000000,0.000000,0.000000,0.000000,0.000000,0.000000,0.000000,0.000000,0.000000,0.000000,0.000000,0.000000,0.000000,0.000000,0.000000,0.000000,0.000000,0.000000,0.000000,0.000000,0.000000,0.000000,0.000000,0.000000,0.000000,0.000000,0.000000,0.000000,0.000000,0.000000,0.000000,0.000000,0.000000,0.000000,0.000000,0.000000,0.000000,0.000000,0.000000,0.000000,0.000000,0.000000,0.000000,0.000000,0.000000,0.000000,0.000000,0.000000,0.000000,0.000000,0.000000,0.000000,0.000000,0.000000,0.000000,0.000000,0.000000,0.000000,0.000000,0.000000,0.000000,0.000000,0.000000,0.000000,0.000000,0.000000,0.000000,0.000000,0.000000,0.000000,0.000000,0.000000,0.000000,0.000000
0.000000,0.000000,0.000000,0.000000,0.000000,0.000000,0.000000,0.000000,0.000000,0.000000,0.000000,0.000000,0.000000,0.000000,0.000000,0.000000,0.000000,0.000000,0.000000,0.000000,0.000000,0.000000,0.000000,0.000000,0.000000,0.000000,0.000000,0.000000,0.000000,0.000000,0.000000,0.000000,0.000000,0.000000,0.000000,0.000000,0.000000,0.000000,0.000000,0.000000,0.000000,0.000000,0.000000,0.000000,0.000000,0.000000,0.000000,0.000000,0.000000,0.000000,0.000000,0.000000,0.000000,0.000000,0.000000,0.000000,0.000000,0.000000,0.000000,0.000000,0.000000,0.000000,0.000000,0.000000,0.000000,0.000000,0.000000,0.000000,0.000000,0.000000,0.000000,0.000000,0.000000,0.000000,0.000000,0.000000,0.000000,0.000000,0.000000,0.000000,0.000000,0.000000,0.000000,0.000000,0.000000,0.000000,0.000000,0.000000,0.000000,0.000000,0.000000,0.000000,0.000000,0.000000,0.000000,0.000000,0.000000,0.000000,0.000000,0.000000
0.000000,0.000000,0.000000,0.000000,0.000000,0.000000,0.000000,0.000000,0.000000,0.000000,0.000000,0.000000,0.000000,0.000000,0.000000,0.000000,0.000000,0.000000,0.000000,0.000000,0.000000,0.000000,0.000000,0.000000,0.000000,0.000000,0.000000,0.000000,0.000000,0.000000,0.000000,0.000000,0.000000,0.000000,0.000000,0.000000,0.000000,0.000000,0.000000,0.000000,0.000000,0.000000,0.000000,0.000000,0.000000,0.000001,0.000001,0.000001,0.000001,0.000001,0.000001,0.000001,0.000001,0.000001,0.000001,0.000001,0.000000,0.000000,0.000000,0.000000,0.000000,0.000000,0.000000,0.000000,0.000000,0.000000,0.000000,0.000000,0.000000,0.000000,0.000000,0.000000,0.000000,0.000000,0.000000,0.000000,0.000000,0.000000,0.000000,0.000000,0.000000,0.000000,0.000000,0.000000,0.000000,0.000000,0.000000,0.000000,0.000000,0.000000,0.000000,0.000000,0.000000,0.000000,0.000000,0.000000,0.000000,0.000000,0.000000,0.000000
0.000000,0.000000,0.000000,0.000000,0.000000,0.000000,0.000000,0.000000,0.000000,0.000000,0.000000,0.000000,0.000000,0.000000,0.000000,0.000000,0.000000,0.000000,0.000000,0.000000,0.000000,0.000000,0.000000,0.000000,0.000000,0.000000,0.000000,0.000000,0.000000,0.000000,0.000000,0.000000,0.000000,0.000000,0.000000,0.000000,0.000000,0.000000,0.000000,0.000000,0.000001,0.000001,0.000001,0.000001,0.000001,0.000001,0.000001,0.000001,0.000001,0.000001,0.000001,0.000001,0.000001,0.000001,0.000001,0.000001,0.000001,0.000001,0.000001,0.000001,0.000001,0.000000,0.000000,0.000000,0.000000,0.000000,0.000000,0.000000,0.000000,0.000000,0.000000,0.000000,0.000000,0.000000,0.000000,0.000000,0.000000,0.000000,0.000000,0.000000,0.000000,0.000000,0.000000,0.000000,0.000000,0.000000,0.000000,0.000000,0.000000,0.000000,0.000000,0.000000,0.000000,0.000000,0.000000,0.000000,0.000000,0.000000,0.000000,0.000000
0.000000,0.000000,0.000000,0.000000,0.000000,0.000000,0.000000,0.000000,0.000000,0.000000,0.000000,0.000000,0.000000,0.000000,0.000000,0.000000,0.000000,0.000000,0.000000,0.000000,0.000000,0.000000,0.000000,0.000000,0.000000,0.000000,0.000000,0.000000,0.000000,0.000000,0.000000,0.000000,0.000000,0.000000,0.000000,0.000000,0.000001,0.000001,0.000001,0.000001,0.000001,0.000001,0.000001,0.000001,0.000001,0.000001,0.000001,0.000001,0.000001,0.000001,0.000001,0.000001,0.000001,0.000001,0.000001,0.000001,0.000001,0.000001,0.000001,0.000001,0.000001,0.000001,0.000001,0.000001,0.000001,0.000000,0.000000,0.000000,0.000000,0.000000,0.000000,0.000000,0.000000,0.000000,0.000000,0.000000,0.000000,0.000000,0.000000,0.000000,0.000000,0.000000,0.000000,0.000000,0.000000,0.000000,0.000000,0.000000,0.000000,0.000000,0.000000,0.000000,0.000000,0.000000,0.000000,0.000000,0.000000,0.000000,0.000000,0.000000
0.000000,0.000000,0.000000,0.000000,0.000000,0.000000,0.000000,0.000000,0.000000,0.000000,0.000000,0.000000,0.000000,0.000000,0.000000,0.000000,0.000000,0.000000,0.000000,0.000000,0.000000,0.000000,0.000000,0.000000,0.000000,0.000000,0.000000,0.000000,0.000000,0.000000,0.000000,0.000000,0.000000,0.000000,0.000001,0.000001,0.000001,0.000001,0.000001,0.000001,0.000001,0.000001,0.000001,0.000001,0.000001,0.000001,0.000001,0.000002,0.000002,0.000002,0.000002,0.000002,0.000002,0.000002,0.000001,0.000001,0.000001,0.000001,0.000001,0.000001,0.000001,0.000001,0.000001,0.000001,0.000001,0.000001,0.000001,0.000000,0.000000,0.000000,0.000000,0.000000,0.000000,0.000000,0.000000,0.000000,0.000000,0.000000,0.000000,0.000000,0.000000,0.000000,0.000000,0.000000,0.000000,0.000000,0.000000,0.000000,0.000000,0.000000,0.000000,0.000000,0.000000,0.000000,0.000000,0.000000,0.000000,0.000000,0.000000,0.000000
0.000000,0.000000,0.000000,0.000000,0.000000,0.000000,0.000000,0.000000,0.000000,0.000000,0.000000,0.000000,0.000000,0.000000,0.000000,0.000000,0.000000,0.000000,0.000000,0.000000,0.000000,0.000000,0.000000,0.000000,0.000000,0.000000,0.000000,0.000000,0.000000,0.000000,0.000000,0.000001,0.000001,0.000001,0.000001,0.000001,0.000001,0.000001,0.000001,0.000001,0.000001,0.000002,0.000002,0.000002,0.000002,0.000002,0.000002,0.000002,0.000002,0.000002,0.000002,0.000002,0.000002,0.000002,0.000002,0.000002,0.000002,0.000002,0.000002,0.000002,0.000001,0.000001,0.000001,0.000001,0.000001,0.000001,0.000001,0.000001,0.000001,0.000001,0.000000,0.000000,0.000000,0.000000,0.000000,0.000000,0.000000,0.000000,0.000000,0.000000,0.000000,0.000000,0.000000,0.000000,0.000000,0.000000,0.000000,0.000000,0.000000,0.000000,0.000000,0.000000,0.000000,0.000000,0.000000,0.000000,0.000000,0.000000,0.000000,0.000000
0.000000,0.000000,0.000000,0.000000,0.000000,0.000000,0.000000,0.000000,0.000000,0.000000,0.000000,0.000000,0.000000,0.000000,0.000000,0.000000,0.000000,0.000000,0.000000,0.000000,0.000000,0.000000,0.000000,0.000000,0.000000,0.000000,0.000000,0.000000,0.000000,0.000001,0.000001,0.000001,0.000001,0.000001,0.000001,0.000001,0.000001,0.000001,0.000002,0.000002,0.000002,0.000002,0.000002,0.000002,0.000003,0.000003,0.000003,0.000003,0.000003,0.000003,0.000003,0.000003,0.000003,0.000003,0.000003,0.000003,0.000003,0.000002,0.000002,0.000002,0.000002,0.000002,0.000002,0.000001,0.000001,0.000001,0.000001,0.000001,0.000001,0.000001,0.000001,0.000001,0.000000,0.000000,0.000000,0.000000,0.000000,0.000000,0.000000,0.000000,0.000000,0.000000,0.000000,0.000000,0.000000,0.000000,0.000000,0.000000,0.000000,0.000000,0.000000,0.000000,0.000000,0.000000,0.000000,0.000000,0.000000,0.000000,0.000000,0.000000
0.000000,0.000000,0.000000,0.000000,0.000000,0.000000,0.000000,0.000000,0.000000,0.000000,0.000000,0.000000,0.000000,0.000000,0.000000,0.000000,0.000000,0.000000,0.000000,0.000000,0.000000,0.000000,0.000000,0.000000,0.000000,0.000000,0.000000,0.000000,0.000001,0.000001,0.000001,0.000001,0.000001,0.000001,0.000001,0.000002,0.000002,0.000002,0.000002,0.000002,0.000003,0.000003,0.000003,0.000003,0.000003,0.000004,0.000004,0.000004,0.000004,0.000004,0.000004,0.000004,0.000004,0.000004,0.000004,0.000004,0.000003,0.000003,0.000003,0.000003,0.000003,0.000002,0.000002,0.000002,0.000002,0.000002,0.000001,0.000001,0.000001,0.000001,0.000001,0.000001,0.000001,0.000000,0.000000,0.000000,0.000000,0.000000,0.000000,0.000000,0.000000,0.000000,0.000000,0.000000,0.000000,0.000000,0.000000,0.000000,0.000000,0.000000,0.000000,0.000000,0.000000,0.000000,0.000000,0.000000,0.000000,0.000000,0.000000,0.000000
0.000000,0.000000,0.000000,0.000000,0.000000,0.000000,0.000000,0.000000,0.000000,0.000000,0.000000,0.000000,0.000000,0.000000,0.000000,0.000000,0.000000,0.000000,0.000000,0.000000,0.000000,0.000000,0.000000,0.000000,0.000000,0.000000,0.000001,0.000001,0.000001,0.000001,0.000001,0.000001,0.000001,0.000002,0.000002,0.000002,0.000002,0.000003,0.000003,0.000003,0.000004,0.000004,0.000004,0.000004,0.000005,0.000005,0.000005,0.000005,0.000005,0.000005,0.000005,0.000005,0.000005,0.000005,0.000005,0.000005,0.000005,0.000004,0.000004,0.000004,0.000004,0.000003,0.000003,0.000003,0.000002,0.000002,0.000002,0.000002,0.000001,0.000001,0.000001,0.000001,0.000001,0.000001,0.000001,0.000000,0.000000,0.000000,0.000000,0.000000,0.000000,0.000000,0.000000,0.000000,0.000000,0.000000,0.000000,0.000000,0.000000,0.000000,0.000000,0.000000,0.000000,0.000000,0.000000,0.000000,0.000000,0.000000,0.000000,0.000000
0.000000,0.000000,0.000000,0.000000,0.000000,0.000000,0.000000,0.000000,0.000000,0.000000,0.000000,0.000000,0.000000,0.000000,0.000000,0.000000,0.000000,0.000000,0.000000,0.000000,0.000000,0.000000,0.000000,0.000000,0.000000,0.000001,0.000001,0.000001,0.000001,0.000001,0.000001,0.000002,0.000002,0.000002,0.000003,0.000003,0.000003,0.000004,0.000004,0.000004,0.000005,0.000005,0.000006,0.000006,0.000006,0.000007,0.000007,0.000007,0.000007,0.000007,0.000007,0.000007,0.000007,0.000007,0.000007,0.000007,0.000006,0.000006,0.000006,0.000005,0.000005,0.000004,0.000004,0.000004,0.000003,0.000003,0.000003,0.000002,0.000002,0.000002,0.000001,0.000001,0.000001,0.000001,0.000001,0.000001,0.000000,0.000000,0.000000,0.000000,0.000000,0.000000,0.000000,0.000000,0.000000,0.000000,0.000000,0.000000,0.000000,0.000000,0.000000,0.000000,0.000000,0.000000,0.000000,0.000000,0.000000,0.000000,0.000000,0.000000
0.000000,0.000000,0.000000,0.000000,0.000000,0.000000,0.000000,0.000000,0.000000,0.000000,0.000000,0.000000,0.000000,0.000000,0.000000,0.000000,0.000000,0.000000,0.000000,0.000000,0.000000,0.000000,0.000000,0.000001,0.000001,0.000001,0.000001,0.000001,0.000001,0.000002,0.000002,0.000002,0.000003,0.000003,0.000003,0.000004,0.000004,0.000005,0.000005,0.000006,0.000006,0.000007,0.000007,0.000008,0.000008,0.000009,0.000009,0.000009,0.000009,0.000010,0.000010,0.000010,0.000009,0.000009,0.000009,0.000009,0.000008,0.000008,0.000007,0.000007,0.000006,0.000006,0.000005,0.000005,0.000004,0.000004,0.000003,0.000003,0.000003,0.000002,0.000002,0.000002,0.000001,0.000001,0.000001,0.000001,0.000001,0.000001,0.000000,0.000000,0.000000,0.000000,0.000000,0.000000,0.000000,0.000000,0.000000,0.000000,0.000000,0.000000,0.000000,0.000000,0.000000,0.000000,0.000000,0.000000,0.000000,0.000000,0.000000,0.000000
0.000000,0.000000,0.000000,0.000000,0.000000,0.000000,0.000000,0.000000,0.000000,0.000000,0.000000,0.000000,0.000000,0.000000,0.000000,0.000000,0.000000,0.000000,0.000000,0.000000,0.000000,0.000000,0.000001,0.000001,0.000001,0.000001,0.000001,0.000002,0.000002,0.000002,0.000003,0.000003,0.000003,0.000004,0.000004,0.000005,0.000006,0.000006,0.000007,0.000008,0.000008,0.000009,0.000010,0.000010,0.000011,0.000011,0.000012,0.000012,0.000012,0.000013,0.000013,0.000013,0.000012,0.000012,0.000012,0.000011,0.000011,0.000010,0.000010,0.000009,0.000008,0.000008,0.000007,0.000006,0.000006,0.000005,0.000004,0.000004,0.000003,0.000003,0.000003,0.000002,0.000002,0.000002,0.000001,0.000001,0.000001,0.000001,0.000001,0.000000,0.000000,0.000000,0.000000,0.000000,0.000000,0.000000,0.000000,0.000000,0.000000,0.000000,0.000000,0.000000,0.000000,0.000000,0.000000,0.000000,0.000000,0.000000,0.000000,0.000000
0.000000,0.000000,0.000000,0.000000,0.000000,0.000000,0.000000,0.000000,0.000000,0.000000,0.000000,0.000000,0.000000,0.000000,0.000000,0.000000,0.000000,0.000000,0.000000,0.000000,0.000000,0.000001,0.000001,0.000001,0.000001,0.000001,0.000002,0.000002,0.000002,0.000003,0.000003,0.000004,0.000004,0.000005,0.000006,0.000007,0.000007,0.000008,0.000009,0.000010,0.000011,0.000012,0.000013,0.000013,0.000014,0.000015,0.000015,0.000016,0.000016,0.000016,0.000016,0.000016,0.000016,0.000016,0.000015,0.000015,0.000014,0.000013,0.000013,0.000012,0.000011,0.000010,0.000009,0.000008,0.000007,0.000007,0.000006,0.000005,0.000004,0.000004,0.000003,0.000003,0.000002,0.000002,0.000002,0.000001,0.000001,0.000001,0.000001,0.000001,0.000000,0.000000,0.000000,0.000000,0.000000,0.000000,0.000000,0.000000,0.000000,0.000000,0.000000,0.000000,0.000000,0.000000,0.000000,0.000000,0.000000,0.000000,0.000000,0.000000
0.000000,0.000000,0.000000,0.000000,0.000000,0.000000,0.000000,0.000000,0.000000,0.000000,0.000000,0.000000,0.000000,0.000000,0.000000,0.000000,0.000000,0.000000,0.000000,0.000000,0.000001,0.000001,0.000001,0.000001,0.000001,0.000002,0.000002,0.000003,0.000003,0.000004,0.000004,0.000005,0.000006,0.000007,0.000008,0.000009,0.000010,0.000011,0.000012,0.000013,0.000014,0.000015,0.000016,0.000017,0.000018,0.000019,0.000020,0.000020,0.000021,0.000021,0.000021,0.000021,0.000021,0.000020,0.000020,0.000019,0.000018,0.000017,0.000016,0.000015,0.000014,0.000013,0.000012,0.000011,0.000010,0.000009,0.000008,0.000007,0.000006,0.000005,0.000004,0.000004,0.000003,0.000003,0.000002,0.000002,0.000001,0.000001,0.000001,0.000001,0.000001,0.000000,0.000000,0.000000,0.000000,0.000000,0.000000,0.000000,0.000000,0.000000,0.000000,0.000000,0.000000,0.000000,0.000000,0.000000,0.000000,0.000000,0.000000,0.000000
0.000000,0.000000,0.000000,0.000000,0.000000,0.000000,0.000000,0.000000,0.000000,0.000000,0.000000,0.000000,0.000000,0.000000,0.000000,0.000000,0.000000,0.000000,0.000000,0.000001,0.000001,0.000001,0.000001,0.000001,0.000002,0.000002,0.000003,0.000003,0.000004,0.000005,0.000005,0.000006,0.000007,0.000009,0.000010,0.000011,0.000012,0.000014,0.000015,0.000017,0.000018,0.000020,0.000021,0.000022,0.000024,0.000025,0.000026,0.000026,0.000027,0.000027,0.000027,0.000027,0.000027,0.000026,0.000026,0.000025,0.000024,0.000022,0.000021,0.000020,0.000018,0.000017,0.000015,0.000014,0.000012,0.000011,0.000010,0.000009,0.000007,0.000006,0.000005,0.000005,0.000004,0.000003,0.000003,0.000002,0.000002,0.000001,0.000001,0.000001,0.000001,0.000001,0.000000,0.000000,0.000000,0.000000,0.000000,0.000000,0.000000,0.000000,0.000000,0.000000,0.000000,0.000000,0.000000,0.000000,0.000000,0.000000,0.000000,0.000000
0.000000,0.000000,0.000000,0.000000,0.000000,0.000000,0.000000,0.000000,0.000000,0.000000,0.000000,0.000000,0.000000,0.000000,0.000000,0.000000,0.000000,0.000000,0.000001,0.000001,0.000001,0.000001,0.000002,0.000002,0.000002,0.000003,0.000003,0.000004,0.000005,0.000006,0.000007,0.000008,0.000009,0.000011,0.000012,0.000014,0.000016,0.000018,0.000020,0.000021,0.000023,0.000025,0.000027,0.000029,0.000030,0.000031,0.000033,0.000034,0.000034,0.000035,0.000035,0.000035,0.000034,0.000034,0.000033,0.000031,0.000030,0.000029,0.000027,0.000025,0.000023,0.000021,0.000020,0.000018,0.000016,0.000014,0.000012,0.000011,0.000009,0.000008,0.000007,0.000006,0.000005,0.000004,0.000003,0.000003,0.000002,0.000002,0.000002,0.000001,0.000001,0.000001,0.000001,0.000000,0.000000,0.000000,0.000000,0.000000,0.000000,0.000000,0.000000,0.000000,0.000000,0.000000,0.000000,0.000000,0.000000,0.000000,0.000000,0.000000
0.000000,0.000000,0.000000,0.000000,0.000000,0.000000,0.000000,0.000000,0.000000,0.000000,0.000000,0.000000,0.000000,0.000000,0.000000,0.000000,0.000000,0.000001,0.000001,0.000001,0.000001,0.000002,0.000002,0.000002,0.000003,0.000004,0.000004,0.000005,0.000006,0.000008,0.000009,0.000010,0.000012,0.000014,0.000016,0.000018,0.000020,0.000022,0.000025,0.000027,0.000029,0.000032,0.000034,0.000036,0.000038,0.000040,0.000041,0.000042,0.000043,0.000044,0.000044,0.000044,0.000043,0.000042,0.000041,0.000040,0.000038,0.000036,0.000034,0.000032,0.000029,0.000027,0.000025,0.000022,0.000020,0.000018,0.000016,0.000014,0.000012,0.000010,0.000009,0.000008,0.000006,0.000005,0.000004,0.000004,0.000003,0.000002,0.000002,0.000002,0.000001,0.000001,0.000001,0.000001,0.000000,0.000000,0.000000,0.000000,0.000000,0.000000,0.000000,0.000000,0.000000,0.000000,0.000000,0.000000,0.000000,0.000000,0.000000,0.000000
0.000000,0.000000,0.000000,0.000000,0.000000,0.000000,0.000000,0.000000,0.000000,0.000000,0.000000,0.000000,0.000000,0.000000,0.000000,0.000000,0.000001,0.000001,0.000001,0.000001,0.000002,0.000002,0.000002,0.000003,0.000004,0.000005,0.000005,0.000007,0.000008,0.000009,0.000011,0.000013,0.000015,0.000017,0.000020,0.000022,0.000025,0.000028,0.000031,0.000034,0.000037,0.000040,0.000043,0.000045,0.000048,0.000050,0.000052,0.000053,0.000054,0.000055,0.000055,0.000055,0.000054,0.000053,0.000052,0.000050,0.000048,0.000045,0.000043,0.000040,0.000037,0.000034,0.000031,0.000028,0.000025,0.000022,0.000020,0.000017,0.000015,0.000013,0.000011,0.000009,0.000008,0.000007,0.000005,0.000005,0.000004,0.000003,0.000002,0.000002,0.000002,0.000001,0.000001,0.000001,0.000001,0.000000,0.000000,0.000000,0.000000,0.000000,0.000000,0.000000,0.000000,0.000000,0.000000,0.000000,0.000000,0.000000,0.000000,0.000000
0.000000,0.000000,0.000000,0.000000,0.000000,0.000000,0.000000,0.000000,0.000000,0.000000,0.000000,0.000000,0.000000,0.000000,0.000000,0.000001,0.000001,0.000001,0.000001,0.000001,0.000002,0.000002,0.000003,0.000004,0.000005,0.000006,0.000007,0.000008,0.000010,0.000012,0.000014,0.000016,0.000019,0.000022,0.000025,0.000028,0.000031,0.000035,0.000039,0.000042,0.000046,0.000050,0.000053,0.000057,0.000060,0.000062,0.000065,0.000066,0.000068,0.000069,0.000069,0.000069,0.000068,0.000066,0.000065,0.000062,0.000060,0.000057,0.000053,0.000050,0.000046,0.000042,0.000039,0.000035,0.000031,0.000028,0.000025,0.000022,0.000019,0.000016,0.000014,0.000012,0.000010,0.000008,0.000007,0.000006,0.000005,0.000004,0.000003,0.000002,0.000002,0.000001,0.000001,0.000001,0.000001,0.000001,0.000000,0.000000,0.000000,0.000000,0.000000,0.000000,0.000000,0.000000,0.000000,0.000000,0.000000,0.000000,0.000000,0.000000
0.000000,0.000000,0.000000,0.000000,0.000000,0.000000,0.000000,0.000000,0.000000,0.000000,0.000000,0.000000,0.000000,0.000000,0.000000,0.000001,0.000001,0.000001,0.000001,0.000002,0.000002,0.000003,0.000004,0.000005,0.000006,0.000007,0.000008,0.000010,0.000012,0.000014,0.000017,0.000020,0.000023,0.000027,0.000030,0.000034,0.000039,0.000043,0.000048,0.000052,0.000057,0.000061,0.000066,0.000070,0.000074,0.000077,0.000080,0.000082,0.000084,0.000085,0.000085,0.000085,0.000084,0.000082,0.000080,0.000077,0.000074,0.000070,0.000066,0.000061,0.000057,0.000052,0.000048,0.000043,0.000039,0.000034,0.000030,0.000027,0.000023,0.000020,0.000017,0.000014,0.000012,0.000010,0.000008,0.000007,0.000006,0.000005,0.000004,0.000003,0.000002,0.000002,0.000001,0.000001,0.000001,0.000001,0.000000,0.000000,0.000000,0.000000,0.000000,0.000000,0.000000,0.000000,0.000000,0.000000,0.000000,0.000000,0.000000,0.000000
0.000000,0.000000,0.000000,0.000000,0.000000,0.000000,0.000000,0.000000,0.000000,0.000000,0.000000,0.000000,0.000000,0.000000,0.000001,0.000001,0.000001,0.000001,0.000002,0.000002,0.000003,0.000004,0.000005,0.000006,0.000007,0.000009,0.000010,0.000012,0.000015,0.000018,0.000021,0.000024,0.000028,0.000033,0.000037,0.000042,0.000047,0.000053,0.000058,0.000064,0.000070,0.000075,0.000081,0.000086,0.000090,0.000094,0.000098,0.000101,0.000103,0.000104,0.000104,0.000104,0.000103,0.000101,0.000098,0.000094,0.000090,0.000086,0.000081,0.000075,0.000070,0.000064,0.000058,0.000053,0.000047,0.000042,0.000037,0.000033,0.000028,0.000024,0.000021,0.000018,0.000015,0.000012,0.000010,0.000009,0.000007,0.000006,0.000005,0.000004,0.000003,0.000002,0.000002,0.000001,0.000001,0.000001,0.000001,0.000000,0.000000,0.000000,0.000000,0.000000,0.000000,0.000000,0.000000,0.000000,0.000000,0.000000,0.000000,0.000000
0.000000,0.000000,0.000000,0.000000,0.000000,0.000000,0.000000,0.000000,0.000000,0.000000,0.000000,0.000000,0.000000,0.000001,0.000001,0.000001,0.000001,0.000002,0.000002,0.000003,0.000003,0.000004,0.000005,0.000007,0.000008,0.000010,0.000013,0.000015,0.000018,0.000022,0.000025,0.000030,0.000035,0.000040,0.000045,0.000051,0.000058,0.000064,0.000071,0.000078,0.000085,0.000092,0.000098,0.000104,0.000110,0.000115,0.000119,0.000122,0.000125,0.000126,0.000127,0.000126,0.000125,0.000122,0.000119,0.000115,0.000110,0.000104,0.000098,0.000092,0.000085,0.000078,0.000071,0.000064,0.000058,0.000051,0.000045,0.000040,0.000035,0.000030,0.000025,0.000022,0.000018,0.000015,0.000013,0.000010,0.000008,0.000007,0.000005,0.000004,0.000003,0.000003,0.000002,0.000002,0.000001,0.000001,0.000001,0.000001,0.000000,0.000000,0.000000,0.000000,0.000000,0.000000,0.000000,0.000000,0.000000,0.000000,0.000000,0.000000
0.000000,0.000000,0.000000,0.000000,0.000000,0.000000,0.000000,0.000000,0.000000,0.000000,0.000000,0.000000,0.000000,0.000001,0.000001,0.000001,0.000002,0.000002,0.000003,0.000003,0.000004,0.000005,0.000007,0.000008,0.000010,0.000012,0.000015,0.000018,0.000022,0.000026,0.000031,0.000036,0.000042,0.000048,0.000055,0.000062,0.000070,0.000078,0.000086,0.000094,0.000102,0.000111,0.000118,0.000126,0.000132,0.000138,0.000144,0.000148,0.000151,0.000152,0.000153,0.000152,0.000151,0.000148,0.000144,0.000138,0.000132,0.000126,0.000118,0.000111,0.000102,0.000094,0.000086,0.000078,0.000070,0.000062,0.000055,0.000048,0.000042,0.000036,0.000031,0.000026,0.000022,0.000018,0.000015,0.000012,0.000010,0.000008,0.000007,0.000005,0.000004,0.000003,0.000003,0.000002,0.000002,0.000001,0.000001,0.000001,0.000000,0.000000,0.000000,0.000000,0.000000,0.000000,0.000000,0.000000,0.000000,0.000000,0.000000,0.000000
0.000000,0.000000,0.000000,0.000000,0.000000,0.000000,0.000000,0.000000,0.000000,0.000000,0.000000,0.000000,0.000001,0.000001,0.000001,0.000001,0.000002,0.000002,0.000003,0.000004,0.000005,0.000006,0.000008,0.000010,0.000012,0.000015,0.000018,0.000022,0.000026,0.000031,0.000037,0.000043,0.000050,0.000057,0.000066,0.000074,0.000083,0.000093,0.000103,0.000113,0.000123,0.000132,0.000142,0.000151,0.000159,0.000166,0.000172,0.000177,0.000180,0.000183,0.000183,0.000183,0.000180,0.000177,0.000172,0.000166,0.000159,0.000151,0.000142,0.000132,0.000123,0.000113,0.000103,0.000093,0.000083,0.000074,0.000066,0.000057,0.000050,0.000043,0.000037,0.000031,0.000026,0.000022,0.000018,0.000015,0.000012,0.000010,0.000008,0.000006,0.000005,0.000004,0.000003,0.000002,0.000002,0.000001,0.000001,0.000001,0.000001,0.000000,0.000000,0.000000,0.000000,0.000000,0.000000,0.000000,0.000000,0.000000,0.000000,0.000000
0.000000,0.000000,0.000000,0.000000,0.000000,0.000000,0.000000,0.000000,0.000000,0.000000,0.000000,0.000001,0.000001,0.000001,0.000001,0.000002,0.000002,0.000003,0.000004,0.000005,0.000006,0.000008,0.000009,0.000012,0.000014,0.000018,0.000022,0.000026,0.000031,0.000037,0.000044,0.000051,0.000059,0.000068,0.000078,0.000088,0.000099,0.000110,0.000122,0.000134,0.000146,0.000157,0.000168,0.000179,0.000188,0.000197,0.000204,0.000210,0.000214,0.000217,0.000218,0.000217,0.000214,0.000210,0.000204,0.000197,0.000188,0.000179,0.000168,0.000157,0.000146,0.000134,0.000122,0.000110,0.000099,0.000088,0.000078,0.000068,0.000059,0.000051,0.000044,0.000037,0.000031,0.000026,0.000022,0.000018,0.000014,0.000012,0.000009,0.000008,0.000006,0.000005,0.000004,0.000003,0.000002,0.000002,0.000001,0.000001,0.000001,0.000001,0.000000,0.000000,0.000000,0.000000,0.000000,0.000000,0.000000,0.000000,0.000000,0.000000
0.000000,0.000000,0.000000,0.000000,0.000000,0.000000,0.000000,0.000000,0.000000,0.000000,0.000000,0.000001,0.000001,0.000001,0.000001,0.000002,0.000003,0.000003,0.000004,0.000005,0.000007,0.000009,0.000011,0.000014,0.000017,0.000021,0.000025,0.000031,0.000037,0.000044,0.000052,0.000060,0.000070,0.000080,0.000092,0.000104,0.000117,0.000130,0.000144,0.000158,0.000172,0.000185,0.000198,0.000211,0.000222,0.000232,0.000241,0.000247,0.000252,0.000256,0.000257,0.000256,0.000252,0.000247,0.000241,0.000232,0.000222,0.000211,0.000198,0.000185,0.000172,0.000158,0.000144,0.000130,0.000117,0.000104,0.000092,0.000080,0.000070,0.000060,0.000052,0.000044,0.000037,0.000031,0.000025,0.000021,0.000017,0.000014,0.000011,0.000009,0.000007,0.000005,0.000004,0.000003,0.000003,0.000002,0.000001,0.000001,0.000001,0.000001,0.000000,0.000000,0.000000,0.000000,0.000000,0.000000,0.000000,0.000000,0.000000,0.000000
0.000000,0.000000,0.000000,0.000000,0.000000,0.000000,0.000000,0.000000,0.000000,0.000000,0.000001,0.000001,0.000001,0.000001,0.000002,0.000002,0.000003,0.000004,0.000005,0.000006,0.000008,0.000010,0.000013,0.000016,0.000020,0.000024,0.000030,0.000036,0.000043,0.000051,0.000060,0.000070,0.000082,0.000094,0.000107,0.000121,0.000136,0.000152,0.000168,0.000184,0.000201,0.000217,0.000232,0.000246,0.000260,0.000271,0.000281,0.000289,0.000295,0.000299,0.000300,0.000299,0.000295,0.000289,0.000281,0.000271,0.000260,0.000246,0.000232,0.000217,0.000201,0.000184,0.000168,0.000152,0.000136,0.000121,0.000107,0.000094,0.000082,0.000070,0.000060,0.000051,0.000043,0.000036,0.000030,0.000024,0.000020,0.000016,0.000013,0.000010,0.000008,0.000006,0.000005,0.000004,0.000003,0.000002,0.000002,0.000001,0.000001,0.000001,0.000001,0.000000,0.000000,0.000000,0.000000,0.000000,0.000000,0.000000,0.000000,0.000000
0.000000,0.000000,0.000000,0.000000,0.000000,0.000000,0.000000,0.000000,0.000000,0.000000,0.000001,0.000001,0.000001,0.000001,0.000002,0.000003,0.000003,0.000004,0.000006,0.000007,0.000009,0.000012,0.000015,0.000019,0.000023,0.000028,0.000035,0.000042,0.000050,0.000059,0.000070,0.000082,0.000095,0.000109,0.000124,0.000141,0.000158,0.000176,0.000195,0.000214,0.000233,0.000251,0.000269,0.000286,0.000301,0.000315,0.000326,0.000336,0.000342,0.000347,0.000348,0.000347,0.000342,0.000336,0.000326,0.000315,0.000301,0.000286,0.000269,0.000251,0.000233,0.000214,0.000195,0.000176,0.000158,0.000141,0.000124,0.000109,0.000095,0.000082,0.000070,0.000059,0.000050,0.000042,0.000035,0.000028,0.000023,0.000019,0.000015,0.000012,0.000009,0.000007,0.000006,0.000004,0.000003,0.000003,0.000002,0.000001,0.000001,0.000001,0.000001,0.000000,0.000000,0.000000,0.000000,0.000000,0.000000,0.000000,0.000000,0.000000
0.000000,0.000000,0.000000,0.000000,0.000000,0.000000,0.000000,0.000000,0.000000,0.000000,0.000001,0.000001,0.000001,0.000002,0.000002,0.000003,0.000004,0.000005,0.000007,0.000009,0.000011,0.000014,0.000017,0.000022,0.000027,0.000033,0.000040,0.000048,0.000057,0.000068,0.000080,0.000094,0.000109,0.000125,0.000143,0.000162,0.000182,0.000203,0.000224,0.000246,0.000268,0.000289,0.000309,0.000329,0.000346,0.000362,0.000375,0.000386,0.000394,0.000399,0.000400,0.000399,0.000394,0.000386,0.000375,0.000362,0.000346,0.000329,0.000309,0.000289,0.000268,0.000246,0.000224,0.000203,0.000182,0.000162,0.000143,0.000125,0.000109,0.000094,0.000080,0.000068,0.000057,0.000048,0.000040,0.000033,0.000027,0.000022,0.000017,0.000014,0.000011,0.000009,0.000007,0.000005,0.000004,0.000003,0.000002,0.000002,0.000001,0.000001,0.000001,0.000000,0.000000,0.000000,0.000000,0.000000,0.000000,0.000000,0.000000,0.000000
0.000000,0.000000,0.000000,0.000000,0.000000,0.000000,0.000000,0.000000,0.000000,0.000001,0.000001,0.000001,0.000001,0.000002,0.000003,0.000003,0.000004,0.000006,0.000008,0.000010,0.000012,0.000016,0.000020,0.000025,0.000030,0.000037,0.000045,0.000055,0.000066,0.000078,0.000092,0.000107,0.000124,0.000143,0.000163,0.000185,0.000208,0.000232,0.000256,0.000281,0.000306,0.000330,0.000353,0.000375,0.000395,0.000413,0.000428,0.000441,0.000450,0.000455,0.000457,0.000455,0.000450,0.000441,0.000428,0.000413,0.000395,0.000375,0.000353,0.000330,0.000306,0.000281,0.000256,0.000232,0.000208,0.000185,0.000163,0.000143,0.000124,0.000107,0.000092,0.000078,0.000066,0.000055,0.000045,0.000037,0.000030,0.000025,0.000020,0.000016,0.000012,0.000010,0.000008,0.000006,0.000004,0.000003,0.000003,0.000002,0.000001,0.000001,0.000001,0.000001,0.000000,0.000000,0.000000,0.000000,0.000000,0.000000,0.000000,0.000000
0.000000,0.000000,0.000000,0.000000,0.000000,0.000000,0.000000,0.000000,0.000000,0.000001,0.000001,0.000001,0.000002,0.000002,0.000003,0.000004,0.000005,0.000007,0.000009,0.000011,0.000014,0.000018,0.000022,0.000028,0.000034,0.000042,0.000051,0.000062,0.000074,0.000088,0.000104,0.000121,0.000141,0.000162,0.000185,0.000210,0.000235,0.000262,0.000290,0.000318,0.000346,0.000374,0.000400,0.000425,0.000448,0.000468,0.000485,0.000499,0.000509,0.000515,0.000517,0.000515,0.000509,0.000499,0.000485,0.000468,0.000448,0.000425,0.000400,0.000374,0.000346,0.000318,0.000290,0.000262,0.000235,0.000210,0.000185,0.000162,0.000141,0.000121,0.000104,0.000088,0.000074,0.000062,0.000051,0.000042,0.000034,0.000028,0.000022,0.000018,0.000014,0.000011,0.000009,0.000007,0.000005,0.000004,0.000003,0.000002,0.000002,0.000001,0.000001,0.000001,0.000000,0.000000,0.000000,0.000000,0.000000,0.000000,0.000000,0.000000
0.000000,0.000000,0.000000,0.000000,0.000000,0.000000,0.000000,0.000000,0.000001,0.000001,0.000001,0.000001,0.000002,0.000002,0.000003,0.000004,0.000006,0.000007,0.000010,0.000012,0.000016,0.000020,0.000025,0.000031,0.000039,0.000047,0.000058,0.000070,0.000083,0.000099,0.000117,0.000136,0.000158,0.000182,0.000208,0.000235,0.000264,0.000295,0.000326,0.000357,0.000389,0.000420,0.000449,0.000477,0.000503,0.000526,0.000545,0.000561,0.000572,0.000579,0.000581,0.000579,0.000572,0.000561,0.000545,0.000526,0.000503,0.000477,0.000449,0.000420,0.000389,0.000357,0.000326,0.000295,0.000264,0.000235,0.000208,0.000182,0.000158,0.000136,0.000117,0.000099,0.000083,0.000070,0.000058,0.000047,0.000039,0.000031,0.000025,0.000020,0.000016,0.000012,0.000010,0.000007,0.000006,0.000004,0.000003,0.000002,0.000002,0.000001,0.000001,0.000001,0.000001,0.000000,0.000000,0.000000,0.000000,0.000000,0.000000,0.000000
0.000000,0.000000,0.000000,0.000000,0.000000,0.000000,0.000000,0.000000,0.000001,0.000001,0.000001,0.000001,0.000002,0.000003,0.000004,0.000005,0.000006,0.000008,0.000011,0.000014,0.000018,0.000022,0.000028,0.000035,0.000043,0.000053,0.000064,0.000078,0.000093,0.000110,0.000130,0.000152,0.000176,0.000203,0.000232,0.000262,0.000295,0.000329,0.000363,0.000398,0.000433,0.000468,0.000501,0.000532,0.000561,0.000586,0.000608,0.000625,0.000638,0.000645,0.000648,0.000645,0.000638,0.000625,0.000608,0.000586,0.000561,0.000532,0.000501,0.000468,0.000433,0.000398,0.000363,0.000329,0.000295,0.000262,0.000232,0.000203,0.000176,0.000152,0.000130,0.000110,0.000093,0.000078,0.000064,0.000053,0.000043,0.000035,0.000028,0.000022,0.000018,0.000014,0.000011,0.000008,0.000006,0.000005,0.000004,0.000003,0.000002,0.000001,0.000001,0.000001,0.000001,0.000000,0.000000,0.000000,0.000000,0.000000,0.000000,0.000000
0.000000,0.000000,0.000000,0.000000,0.000000,0.000000,0.000000,0.000000,0.000001,0.000001,0.000001,0.000002,0.000002,0.000003,0.000004,0.000005,0.000007,0.000009,0.000012,0.000015,0.000020,0.000025,0.000031,0.000039,0.000048,0.000058,0.000071,0.000086,0.000103,0.000122,0.000144,0.000168,0.000195,0.000224,0.000256,0.000290,0.000326,0.000363,0.000402,0.000440,0.000479,0.000517,0.000554,0.000588,0.000620,0.000648,0.000672,0.000691,0.000705,0.000713,0.000716,0.000713,0.000705,0.000691,0.000672,0.000648,0.000620,0.000588,0.000554,0.000517,0.000479,0.000440,0.000402,0.000363,0.000326,0.000290,0.000256,0.000224,0.000195,0.000168,0.000144,0.000122,0.000103,0.000086,0.000071,0.000058,0.000048,0.000039,0.000031,0.000025,0.000020,0.000015,0.000012,0.000009,0.000007,0.000005,0.000004,0.000003,0.000002,0.000002,0.000001,0.000001,0.000001,0.000000,0.000000,0.000000,0.000000,0.000000,0.000000,0.000000
0.000000,0.000000,0.000000,0.000000,0.000000,0.000000,0.000000,0.000000,0.000001,0.000001,0.000001,0.000002,0.000002,0.000003,0.000004,0.000006,0.000008,0.000010,0.000013,0.000017,0.000021,0.000027,0.000034,0.000042,0.000052,0.000064,0.000078,0.000094,0.000113,0.000134,0.000158,0.000184,0.000214,0.000246,0.000281,0.000318,0.000357,0.000398,0.000440,0.000483,0.000526,0.000567,0.000607,0.000645,0.000680,0.000710,0.000737,0.000758,0.000773,0.000782,0.000786,0.000782,0.000773,0.000758,0.000737,0.000710,0.000680,0.000645,0.000607,0.000567,0.000526,0.000483,0.000440,0.000398,0.000357,0.000318,0.000281,0.000246,0.000214,0.000184,0.000158,0.000134,0.000113,0.000094,0.000078,0.000064,0.000052,0.000042,0.000034,0.000027,0.000021,0.000017,0.000013,0.000010,0.000008,0.000006,0.000004,0.000003,0.000002,0.000002,0.000001,0.000001,0.000001,0.000000,0.000000,0.000000,0.000000,0.000000,0.000000,0.000000
0.000000,0.000000,0.000000,0.000000,0.000000,0.000000,0.000000,0.000001,0.000001,0.000001,0.000001,0.000002,0.000003,0.000004,0.000005,0.000006,0.000008,0.000011,0.000014,0.000018,0.000023,0.000029,0.000037,0.000046,0.000057,0.000070,0.000085,0.000102,0.000123,0.000146,0.000172,0.000201,0.000233,0.000268,0.000306,0.000346,0.000389,0.000433,0.000479,0.000526,0.000572,0.000617,0.000661,0.000702,0.000740,0.000773,0.000802,0.000824,0.000841,0.000851,0.000855,0.000851,0.000841,0.000824,0.000802,0.000773,0.000740,0.000702,0.000661,0.000617,0.000572,0.000526,0.000479,0.000433,0.000389,0.000346,0.000306,0.000268,0.000233,0.000201,0.000172,0.000146,0.000123,0.000102,0.000085,0.000070,0.000057,0.000046,0.000037,0.000029,0.000023,0.000018,0.000014,0.000011,0.000008,0.000006,0.000005,0.000004,0.000003,0.000002,0.000001,0.000001,0.000001,0.000001,0.000000,0.000000,0.000000,0.000000,0.000000,0.000000
0.000000,0.000000,0.000000,0.000000,0.000000,0.000000,0.000000,0.000001,0.000001,0.000001,0.000002,0.000002,0.000003,0.000004,0.000005,0.000007,0.000009,0.000012,0.000015,0.000020,0.000025,0.000032,0.000040,0.000050,0.000061,0.000075,0.000092,0.000111,0.000132,0.000157,0.000185,0.000217,0.000251,0.000289,0.000330,0.000374,0.000420,0.000468,0.000517,0.000567,0.000617,0.000666,0.000713,0.000758,0.000798,0.000834,0.000865,0.000890,0.000908,0.000919,0.000923,0.000919,0.000908,0.000890,0.000865,0.000834,0.000798,0.000758,0.000713,0.000666,0.000617,0.000567,0.000517,0.000468,0.000420,0.000374,0.000330,0.000289,0.000251,0.000217,0.000185,0.000157,0.000132,0.000111,0.000092,0.000075,0.000061,0.000050,0.000040,0.000032,0.000025,0.000020,0.000015,0.000012,0.000009,0.000007,0.000005,0.000004,0.000003,0.000002,0.000002,0.000001,0.000001,0.000001,0.000000,0.000000,0.000000,0.000000,0.000000,0.000000
0.000000,0.000000,0.000000,0.000000,0.000000,0.000000,0.000000,0.000001,0.000001,0.000001,0.000002,0.000002,0.000003,0.000004,0.000006,0.000007,0.000010,0.000013,0.000016,0.000021,0.000027,0.000034,0.000043,0.000053,0.000066,0.000081,0.000098,0.000118,0.000142,0.000168,0.000198,0.000232,0.000269,0.000309,0.000353,0.000400,0.000449,0.000501,0.000554,0.000607,0.000661,0.000713,0.000764,0.000811,0.000855,0.000893,0.000926,0.000953,0.000972,0.000984,0.000988,0.000984,0.000972,0.000953,0.000926,0.000893,0.000855,0.000811,0.000764,0.000713,0.000661,0.000607,0.000554,0.000501,0.000449,0.000400,0.000353,0.000309,0.000269,0.000232,0.000198,0.000168,0.000142,0.000118,0.000098,0.000081,0.000066,0.000053,0.000043,0.000034,0.000027,0.000021,0.000016,0.000013,0.000010,0.000007,0.000006,0.000004,0.000003,0.000002,0.000002,0.000001,0.000001,0.000001,0.000000,0.000000,0.000000,0.000000,0.000000,0.000000
0.000000,0.000000,0.000000,0.000000,0.000000,0.000000,0.000000,0.000001,0.000001,0.000001,0.000002,0.000002,0.000003,0.000004,0.000006,0.000008,0.000010,0.000013,0.000017,0.000022,0.000029,0.000036,0.000045,0.000057,0.000070,0.000086,0.000104,0.000126,0.000151,0.000179,0.000211,0.000246,0.000286,0.000329,0.000375,0.000425,0.000477,0.000532,0.000588,0.000645,0.000702,0.000758,0.000811,0.000862,0.000908,0.000949,0.000984,0.001012,0.001033,0.001045,0.001049,0.001045,0.001033,0.001012,0.000984,0.000949,0.000908,0.000862,0.000811,0.000758,0.000702,0.000645,0.000588,0.000532,0.000477,0.000425,0.000375,0.000329,0.000286,0.000246,0.000211,0.000179,0.000151,0.000126,0.000104,0.000086,0.000070,0.000057,0.000045,0.000036,0.000029,0.000022,0.000017,0.000013,0.000010,0.000008,0.000006,0.000004,0.000003,0.000002,0.000002,0.000001,0.000001,0.000001,0.000000,0.000000,0.000000,0.000000,0.000000,0.000000
