0.000000,0.000000,0.000000,0.000000,0.000000,0.000000,0.000000,0.000000,0.000000,0.000000,0.000000,0.000000,0.000000,0.000000,0.000000,0.000000,0.000000,0.000000,0.000000,0.000000,0.000000,0.000000,0.000000,0.000000,0.000000,0.000000,0.000000,0.000000,0.000000,0.000000,0.000000,0.000000,0.000000,0.000000,0.000000,0.000000,0.000000,0.000000,0.000000,0.000000,0.000000,0.000000,0.000000,0.000000,0.000000,0.000000,0.000000,0.000000,0.000000,0.000000,0.000000,0.000000,0.000000,0.000000,0.000000,0.000000,0.000000,0.000000,0.000000,0.000000,0.000000,0.000000,0.000000,0.000000,0.000000,0.000000,0.000000,0.000000,0.000000,0.000000,0.000000,0.000000,0.000000,0.000000,0.000000,0.000000,0.000000,0.000000,0.000000,0.000000,0.000000,0.000000,0.000000,0.000000,0.000000,0.000000,0.000000,0.000000,0.000000,0.000000,0.000000,0.000000,0.000000,0.000000,0.000000,0.000000,0.000000,0.000000,0.000000,0.000000
0.000000,0.000000,0.000000,0.000000,0.000000,0.000000,0.000000,0.000000,0.000000,0.000000,0.000000,0.000000,0.000000,0.000000,0.000000,0.000000,0.000000,0.000000,0.000000,0.000000,0.000000,0.000000,0.000000,0.000000,0.000000,0.000000,0.000000,0.000000,0.000000,0.000000,0.000000,0.000000,0.000000,0.000000,0.000000,0.000000,0.000000,0.000000,0.000000,0.000000,0.000000,0.000000,0.000000,0.000000,0.000000,0.000000,0.000000,0.000000,0.000000,0.000000,0.000000,0.000000,0.000000,0.000000,0.000000,0.000000,0.000000,0.000000,0.000000,0.000000,0.000000,0.000000,0.000000,0.000000,0.000000,0.000000,0.000000,0.000000,0.000000,0.000000,0.000000,0.000000,0.000000,0.000000,0.000000,0.000000,0.000000,0.000000,0.000000,0.000000,0.000000,0.000000,0.000000,0.000000,0.000000,0.000000,0.000000,0.000000,0.000000,0.000000,0.000000,0.000000,0.000000,0.000000,0.000000,0.000000,0.000000,0.000000,0.000000,0.000000
0.000000,0.000000,0.000000,0.000000,0.000000,0.000000,0.000000,0.000000,0.000000,0.000000,0.000000,0.000000,0.000000,0.000000,0.000000,0.000000,0.000000,0.000000,0.000000,0.000000,0.000000,0.000000,0.000000,0.000000,0.000000,0.000000,0.000000,0.000000,0.000000,0.000000,0.000000,0.000000,0.000000,0.000000,0.000000,0.000000,0.000000,0.000000,0.000000,0.000000,0.000000,0.000000,0.000000,0.000000,0.000000,0.000000,0.000000,0.000000,0.000000,0.000000,0.000000,0.000000,0.000000,0.000000,0.000000,0.000000,0.000000,0.000000,0.000000,0.000000,0.000000,0.000000,0.000000,0.000000,0.000000,0.000000,0.000000,0.000000,0.000000,0.000000,0.000000,0.000000,0.000000,0.000000,0.000000,0.000000,0.000000,0.000000,0.000000,0.000000,0.000000,0.000000,0.000000,0.000000,0.000000,0.000000,0.000000,0.000000,0.000000,0.000000,0.000000,0.000000,0.000000,0.000000,0.000000,0.000000,0.000000,0.000000,0.000000,0.000000
0.000000,0.000000,0.000000,0.000000,0.000000,0.000000,0.000000,0.000000,0.000000,0.000000,0.000000,0.000000,0.000000,0.000000,0.000000,0.000000,0.000000,0.000000,0.000000,0.000000,0.000000,0.000000,0.000000,0.000000,0.000000,0.000000,0.000000,0.000000,0.000000,0.000000,0.000000,0.000000,0.000000,0.000000,0.000000,0.000000,0.000000,0.000000,0.000000,0.000000,0.000000,0.000000,0.000000,0.000000,0.000000,0.000000,0.000000,0.000000,0.000000,0.000000,0.000000,0.000000,0.000000,0.000000,0.000000,0.000000,0.000000,0.000000,0.000000,0.000000,0.000000,0.000000,0.000000,0.000000,0.000000,0.000000,0.000000,0.000000,0.000000,0.000000,0.000000,0.000000,0.000000,0.000000,0.000000,0.000000,0.000000,0.000000,0.000000,0.000000,0.000000,0.000000,0.000000,0.000000,0.000000,0.000000,0.000000,0.000000,0.000000,0.000000,0.000000,0.000000,0.000000,0.000000,0.000000,0.000000,0.000000,0.000000,0.000000,0.000000
0.000000,0.000000,0.000000,0.000000,0.000000,0.000000,0.000000,0.000000,0.000000,0.000000,0.000000,0.000000,0.000000,0.000000,0.000000,0.000000,0.000000,0.000000,0.000000,0.000000,0.000000,0.000000,0.000000,0.000000,0.000000,0.000000,0.000000,0.000000,0.000000,0.000000,0.000000,0.000000,0.000000,0.000000,0.000000,0.000000,0.000000,0.000000,0.000000,0.000000,0.000000,0.000001,0.000001,0.000001,0.000001,0.000001,0.000001,0.000001,0.000001,0.000001,0.000001,0.000001,0.000001,0.000001,0.000001,0.000001,0.000001,0.000001,0.000001,0.000001,0.000000,0.000000,0.000000,0.000000,0.000000,0.000000,0.000000,0.000000,0.000000,0.000000,0.000000,0.000000,0.000000,0.000000,0.000000,0.000000,0.000000,0.000000,0.000000,0.000000,0.000000,0.000000,0.000000,0.000000,0.000000,0.000000,0.000000,0.000000,0.000000,0.000000,0.000000,0.000000,0.000000,0.000000,0.000000,0.000000,0.000000,0.000000,0.000000,0.000000
0.000000,0.000000,0.000000,0.000000,0.000000,0.000000,0.000000,0.000000,0.000000,0.000000,0.000000,0.000000,0.000000,0.000000,0.000000,0.000000,0.000000,0.000000,0.000000,0.000000,0.000000,0.000000,0.000000,0.000000,0.000000,0.000000,0.000000,0.000000,0.000000,0.000000,0.000000,0.000000,0.000000,0.000000,0.000000,0.000000,0.000000,0.000001,0.000001,0.000001,0.000001,0.000001,0.000001,0.000001,0.000001,0.000001,0.000001,0.000001,0.000001,0.000001,0.000001,0.000001,0.000001,0.000001,0.000001,0.000001,0.000001,0.000001,0.000001,0.000001,0.000001,0.000001,0.000001,0.000001,0.000000,0.000000,0.000000,0.000000,0.000000,0.000000,0.000000,0.000000,0.000000,0.000000,0.000000,0.000000,0.000000,0.000000,0.000000,0.000000,0.000000,0.000000,0.000000,0.000000,0.000000,0.000000,0.000000,0.000000,0.000000,0.000000,0.000000,0.000000,0.000000,0.000000,0.000000,0.000000,0.000000,0.000000,0.000000,0.000000
0.000000,0.000000,0.000000,0.000000,0.000000,0.000000,0.000000,0.000000,0.000000,0.000000,0.000000,0.000000,0.000000,0.000000,0.000000,0.000000,0.000000,0.000000,0.000000,0.000000,0.000000,0.000000,0.000000,0.000000,0.000000,0.000000,0.000000,0.000000,0.000000,0.000000,0.000000,0.000000,0.000000,0.000000,0.000001,0.000001,0.000001,0.000001,0.000001,0.000001,0.000001,0.000001,0.000001,0.000001,0.000001,0.000001,0.000001,0.000001,0.000001,0.000001,0.000001,0.000001,0.000001,0.000001,0.000001,0.000001,0.000001,0.000001,0.000001,0.000001,0.000001,0.000001,0.000001,0.000001,0.000001,0.000001,0.000001,0.000000,0.000000,0.000000,0.000000,0.000000,0.000000,0.000000,0.000000,0.000000,0.000000,0.000000,0.000000,0.000000,0.000000,0.000000,0.000000,0.000000,0.000000,0.000000,0.000000,0.000000,0.000000,0.000000,0.000000,0.000000,0.000000,0.000000,0.000000,0.000000,0.000000,0.000000,0.000000,0.000000
0.000000,0.000000,0.000000,0.000000,0.000000,0.000000,0.000000,0.000000,0.000000,0.000000,0.000000,0.000000,0.000000,0.000000,0.000000,0.000000,0.000000,0.000000,0.000000,0.000000,0.000000,0.000000,0.000000,0.000000,0.000000,0.000000,0.000000,0.000000,0.000000,0.000000,0.000000,0.000001,0.000001,0.000001,0.000001,0.000001,0.000001,0.000001,0.000001,0.000001,0.000001,0.000001,0.000001,0.000002,0.000002,0.000002,0.000002,0.000002,0.000002,0.000002,0.000002,0.000002,0.000002,0.000002,0.000002,0.000002,0.000002,0.000002,0.000001,0.000001,0.000001,0.000001,0.000001,0.000001,0.000001,0.000001,0.000001,0.000001,0.000001,0.000001,0.000000,0.000000,0.000000,0.000000,0.000000,0.000000,0.000000,0.000000,0.000000,0.000000,0.000000,0.000000,0.000000,0.000000,0.000000,0.000000,0.000000,0.000000,0.000000,0.000000,0.000000,0.000000,0.000000,0.000000,0.000000,0.000000,0.000000,0.000000,0.000000,0.000000
0.000000,0.000000,0.000000,0.000000,0.000000,0.000000,0.000000,0.000000,0.000000,0.000000,0.000000,0.000000,0.000000,0.000000,0.000000,0.000000,0.000000,0.000000,0.000000,0.000000,0.000000,0.000000,0.000000,0.000000,0.000000,0.000000,0.000000,0.000000,0.000000,0.000001,0.000001,0.000001,0.000001,0.000001,0.000001,0.000001,0.000001,0.000001,0.000001,0.000002,0.000002,0.000002,0.000002,0.000002,0.000002,0.000002,0.000002,0.000002,0.000002,0.000002,0.000002,0.000002,0.000002,0.000002,0.000002,0.000002,0.000002,0.000002,0.000002,0.000002,0.000002,0.000002,0.000001,0.000001,0.000001,0.000001,0.000001,0.000001,0.000001,0.000001,0.000001,0.000001,0.000000,0.000000,0.000000,0.000000,0.000000,0.000000,0.000000,0.000000,0.000000,0.000000,0.000000,0.000000,0.000000,0.000000,0.000000,0.000000,0.000000,0.000000,0.000000,0.000000,0.000000,0.000000,0.000000,0.000000,0.000000,0.000000,0.000000,0.000000
0.000000,0.000000,0.000000,0.000000,0.000000,0.000000,0.000000,0.000000,0.000000,0.000000,0.000000,0.000000,0.000000,0.000000,0.000000,0.000000,0.000000,0.000000,0.000000,0.000000,0.000000,0.000000,0.000000,0.000000,0.000000,0.000000,0.000000,0.000001,0.000001,0.000001,0.000001,0.000001,0.000001,0.000001,0.000001,0.000002,0.000002,0.000002,0.000002,0.000002,0.000002,0.000002,0.000003,0.000003,0.000003,0.000003,0.000003,0.000003,0.000003,0.000003,0.000003,0.000003,0.000003,0.000003,0.000003,0.000003,0.000003,0.000003,0.000003,0.000002,0.000002,0.000002,0.000002,0.000002,0.000002,0.000002,0.000001,0.000001,0.000001,0.000001,0.000001,0.000001,0.000001,0.000001,0.000000,0.000000,0.000000,0.000000,0.000000,0.000000,0.000000,0.000000,0.000000,0.000000,0.000000,0.000000,0.000000,0.000000,0.000000,0.000000,0.000000,0.000000,0.000000,0.000000,0.000000,0.000000,0.000000,0.000000,0.000000,0.000000
0.000000,0.000000,0.000000,0.000000,0.000000,0.000000,0.000000,0.000000,0.000000,0.000000,0.000000,0.000000,0.000000,0.000000,0.000000,0.000000,0.000000,0.000000,0.000000,0.000000,0.000000,0.000000,0.000000,0.000000,0.000000,0.000000,0.000001,0.000001,0.000001,0.000001,0.000001,0.000001,0.000001,0.000002,0.000002,0.000002,0.000002,0.000002,0.000003,0.000003,0.000003,0.000003,0.000003,0.000004,0.000004,0.000004,0.000004,0.000004,0.000004,0.000004,0.000004,0.000004,0.000004,0.000004,0.000004,0.000004,0.000004,0.000004,0.000003,0.000003,0.000003,0.000003,0.000003,0.000002,0.000002,0.000002,0.000002,0.000002,0.000001,0.000001,0.000001,0.000001,0.000001,0.000001,0.000001,0.000000,0.000000,0.000000,0.000000,0.000000,0.000000,0.000000,0.000000,0.000000,0.000000,0.000000,0.000000,0.000000,0.000000,0.000000,0.000000,0.000000,0.000000,0.000000,0.000000,0.000000,0.000000,0.000000,0.000000,0.000000
0.000000,0.000000,0.000000,0.000000,0.000000,0.000000,0.000000,0.000000,0.000000,0.000000,0.000000,0.000000,0.000000,0.000000,0.000000,0.000000,0.000000,0.000000,0.000000,0.000000,0.000000,0.000000,0.000000,0.000000,0.000001,0.000001,0.000001,0.000001,0.000001,0.000001,0.000001,0.000002,0.000002,0.000002,0.000002,0.000003,0.000003,0.000003,0.000003,0.000004,0.000004,0.000004,0.000005,0.000005,0.000005,0.000005,0.000005,0.000006,0.000006,0.000006,0.000006,0.000006,0.000006,0.000006,0.000005,0.000005,0.000005,0.000005,0.000005,0.000004,0.000004,0.000004,0.000003,0.000003,0.000003,0.000003,0.000002,0.000002,0.000002,0.000002,0.000001,0.000001,0.000001,0.000001,0.000001,0.000001,0.000001,0.000000,0.000000,0.000000,0.000000,0.000000,0.000000,0.000000,0.000000,0.000000,0.000000,0.000000,0.000000,0.000000,0.000000,0.000000,0.000000,0.000000,0.000000,0.000000,0.000000,0.000000,0.000000,0.000000
0.000000,0.000000,0.000000,0.000000,0.000000,0.000000,0.000000,0.000000,0.000000,0.000000,0.000000,0.000000,0.000000,0.000000,0.000000,0.000000,0.000000,0.000000,0.000000,0.000000,0.000000,0.000000,0.000000,0.000001,0.000001,0.000001,0.000001,0.000001,0.000001,0.000002,0.000002,0.000002,0.000002,0.000003,0.000003,0.000003,0.000004,0.000004,0.000005,0.000005,0.000005,0.000006,0.000006,0.000006,0.000007,0.000007,0.000007,0.000007,0.000007,0.000007,0.000007,0.000007,0.000007,0.000007,0.000007,0.000007,0.000007,0.000006,0.000006,0.000006,0.000005,0.000005,0.000005,0.000004,0.000004,0.000003,0.000003,0.000003,0.000002,0.000002,0.000002,0.000002,0.000001,0.000001,0.000001,0.000001,0.000001,0.000001,0.000000,0.000000,0.000000,0.000000,0.000000,0.000000,0.000000,0.000000,0.000000,0.000000,0.000000,0.000000,0.000000,0.000000,0.000000,0.000000,0.000000,0.000000,0.000000,0.000000,0.000000,0.000000
0.000000,0.000000,0.000000,0.000000,0.000000,0.000000,0.000000,0.000000,0.000000,0.000000,0.000000,0.000000,0.000000,0.000000,0.000000,0.000000,0.000000,0.000000,0.000000,0.000000,0.000000,0.000001,0.000001,0.000001,0.000001,0.000001,0.000001,0.000002,0.000002,0.000002,0.000002,0.000003,0.000003,0.000004,0.000004,0.000004,0.000005,0.000005,0.000006,0.000006,0.000007,0.000007,0.000008,0.000008,0.000008,0.000009,0.000009,0.000009,0.000010,0.000010,0.000010,0.000010,0.000010,0.000009,0.000009,0.000009,0.000008,0.000008,0.000008,0.000007,0.000007,0.000006,0.000006,0.000005,0.000005,0.000004,0.000004,0.000004,0.000003,0.000003,0.000002,0.000002,0.000002,0.000002,0.000001,0.000001,0.000001,0.000001,0.000001,0.000001,0.000000,0.000000,0.000000,0.000000,0.000000,0.000000,0.000000,0.000000,0.000000,0.000000,0.000000,0.000000,0.000000,0.000000,0.000000,0.000000,0.000000,0.000000,0.000000,0.000000
0.000000,0.000000,0.000000,0.000000,0.000000,0.000000,0.000000,0.000000,0.000000,0.000000,0.000000,0.000000,0.000000,0.000000,0.000000,0.000000,0.000000,0.000000,0.000000,0.000000,0.000001,0.000001,0.000001,0.000001,0.000001,0.000001,0.000002,0.000002,0.000002,0.000003,0.000003,0.000004,0.000004,0.000005,0.000005,0.000006,0.000006,0.000007,0.000008,0.000008,0.000009,0.000009,0.000010,0.000010,0.000011,0.000011,0.000012,0.000012,0.000012,0.000012,0.000012,0.000012,0.000012,0.000012,0.000012,0.000011,0.000011,0.000010,0.000010,0.000009,0.000009,0.000008,0.000008,0.000007,0.000006,0.000006,0.000005,0.000005,0.000004,0.000004,0.000003,0.000003,0.000002,0.000002,0.000002,0.000001,0.000001,0.000001,0.000001,0.000001,0.000001,0.000000,0.000000,0.000000,0.000000,0.000000,0.000000,0.000000,0.000000,0.000000,0.000000,0.000000,0.000000,0.000000,0.000000,0.000000,0.000000,0.000000,0.000000,0.000000
0.000000,0.000000,0.000000,0.000000,0.000000,0.000000,0.000000,0.000000,0.000000,0.000000,0.000000,0.000000,0.000000,0.000000,0.000000,0.000000,0.000000,0.000000,0.000000,0.000001,0.000001,0.000001,0.000001,0.000001,0.000002,0.000002,0.000002,0.000003,0.000003,0.000003,0.000004,0.000005,0.000005,0.000006,0.000006,0.000007,0.000008,0.000009,0.000010,0.000010,0.000011,0.000012,0.000013,0.000013,0.000014,0.000015,0.000015,0.000015,0.000016,0.000016,0.000016,0.000016,0.000016,0.000015,0.000015,0.000015,0.000014,0.000013,0.000013,0.000012,0.000011,0.000010,0.000010,0.000009,0.000008,0.000007,0.000006,0.000006,0.000005,0.000005,0.000004,0.000003,0.000003,0.000003,0.000002,0.000002,0.000002,0.000001,0.000001,0.000001,0.000001,0.000001,0.000000,0.000000,0.000000,0.000000,0.000000,0.000000,0.000000,0.000000,0.000000,0.000000,0.000000,0.000000,0.000000,0.000000,0.000000,0.000000,0.000000,0.000000
0.000000,0.000000,0.000000,0.000000,0.000000,0.000000,0.000000,0.000000,0.000000,0.000000,0.000000,0.000000,0.000000,0.000000,0.000000,0.000000,0.000000,0.000000,0.000001,0.000001,0.000001,0.000001,0.000001,0.000002,0.000002,0.000002,0.000003,0.000003,0.000004,0.000004,0.000005,0.000006,0.000007,0.000007,0.000008,0.000009,0.000010,0.000011,0.000012,0.000013,0.000014,0.000015,0.000016,0.000017,0.000018,0.000018,0.000019,0.000019,0.000020,0.000020,0.000020,0.000020,0.000020,0.000019,0.000019,0.000018,0.000018,0.000017,0.000016,0.000015,0.000014,0.000013,0.000012,0.000011,0.000010,0.000009,0.000008,0.000007,0.000007,0.000006,0.000005,0.000004,0.000004,0.000003,0.000003,0.000002,0.000002,0.000002,0.000001,0.000001,0.000001,0.000001,0.000001,0.000000,0.000000,0.000000,0.000000,0.000000,0.000000,0.000000,0.000000,0.000000,0.000000,0.000000,0.000000,0.000000,0.000000,0.000000,0.000000,0.000000
0.000000,0.000000,0.000000,0.000000,0.000000,0.000000,0.000000,0.000000,0.000000,0.000000,0.000000,0.000000,0.000000,0.000000,0.000000,0.000000,0.000000,0.000001,0.000001,0.000001,0.000001,0.000001,0.000002,0.000002,0.000002,0.000003,0.000003,0.000004,0.000005,0.000005,0.000006,0.000007,0.000008,0.000009,0.000010,0.000012,0.000013,0.000014,0.000015,0.000017,0.000018,0.000019,0.000020,0.000021,0.000022,0.000023,0.000024,0.000025,0.000025,0.000025,0.000025,0.000025,0.000025,0.000025,0.000024,0.000023,0.000022,0.000021,0.000020,0.000019,0.000018,0.000017,0.000015,0.000014,0.000013,0.000012,0.000010,0.000009,0.000008,0.000007,0.000006,0.000005,0.000005,0.000004,0.000003,0.000003,0.000002,0.000002,0.000002,0.000001,0.000001,0.000001,0.000001,0.000001,0.000000,0.000000,0.000000,0.000000,0.000000,0.000000,0.000000,0.000000,0.000000,0.000000,0.000000,0.000000,0.000000,0.000000,0.000000,0.000000
0.000000,0.000000,0.000000,0.000000,0.000000,0.000000,0.000000,0.000000,0.000000,0.000000,0.000000,0.000000,0.000000,0.000000,0.000000,0.000000,0.000001,0.000001,0.000001,0.000001,0.000001,0.000002,0.000002,0.000003,0.000003,0.000004,0.000004,0.000005,0.000006,0.000007,0.000008,0.000009,0.000010,0.000012,0.000013,0.000014,0.000016,0.000018,0.000019,0.000021,0.000022,0.000024,0.000025,0.000027,0.000028,0.000029,0.000030,0.000031,0.000031,0.000032,0.000032,0.000032,0.000031,0.000031,0.000030,0.000029,0.000028,0.000027,0.000025,0.000024,0.000022,0.000021,0.000019,0.000018,0.000016,0.000014,0.000013,0.000012,0.000010,0.000009,0.000008,0.000007,0.000006,0.000005,0.000004,0.000004,0.000003,0.000003,0.000002,0.000002,0.000001,0.000001,0.000001,0.000001,0.000001,0.000000,0.000000,0.000000,0.000000,0.000000,0.000000,0.000000,0.000000,0.000000,0.000000,0.000000,0.000000,0.000000,0.000000,0.000000
0.000000,0.000000,0.000000,0.000000,0.000000,0.000000,0.000000,0.000000,0.000000,0.000000,0.000000,0.000000,0.000000,0.000000,0.000000,0.000001,0.000001,0.000001,0.000001,0.000001,0.000002,0.000002,0.000003,0.000003,0.000004,0.000004,0.000005,0.000006,0.000007,0.000009,0.000010,0.000011,0.000013,0.000014,0.000016,0.000018,0.000020,0.000022,0.000024,0.000026,0.000028,0.000030,0.000032,0.000033,0.000035,0.000036,0.000037,0.000038,0.000039,0.000039,0.000039,0.000039,0.000039,0.000038,0.000037,0.000036,0.000035,0.000033,0.000032,0.000030,0.000028,0.000026,0.000024,0.000022,0.000020,0.000018,0.000016,0.000014,0.000013,0.000011,0.000010,0.000009,0.000007,0.000006,0.000005,0.000004,0.000004,0.000003,0.000003,0.000002,0.000002,0.000001,0.000001,0.000001,0.000001,0.000001,0.000000,0.000000,0.000000,0.000000,0.000000,0.000000,0.000000,0.000000,0.000000,0.000000,0.000000,0.000000,0.000000,0.000000
0.000000,0.000000,0.000000,0.000000,0.000000,0.000000,0.000000,0.000000,0.000000,0.000000,0.000000,0.000000,0.000000,0.000000,0.000001,0.000001,0.000001,0.000001,0.000001,0.000002,0.000002,0.000003,0.000003,0.000004,0.000005,0.000006,0.000007,0.000008,0.000009,0.000010,0.000012,0.000014,0.000016,0.000018,0.000020,0.000022,0.000025,0.000027,0.000029,0.000032,0.000034,0.000037,0.000039,0.000041,0.000043,0.000045,0.000046,0.000047,0.000048,0.000048,0.000049,0.000048,0.000048,0.000047,0.000046,0.000045,0.000043,0.000041,0.000039,0.000037,0.000034,0.000032,0.000029,0.000027,0.000025,0.000022,0.000020,0.000018,0.000016,0.000014,0.000012,0.000010,0.000009,0.000008,0.000007,0.000006,0.000005,0.000004,0.000003,0.000003,0.000002,0.000002,0.000001,0.000001,0.000001,0.000001,0.000001,0.000000,0.000000,0.000000,0.000000,0.000000,0.000000,0.000000,0.000000,0.000000,0.000000,0.000000,0.000000,0.000000
0.000000,0.000000,0.000000,0.000000,0.000000,0.000000,0.000000,0.000000,0.000000,0.000000,0.000000,0.000000,0.000000,0.000001,0.000001,0.000001,0.000001,0.000001,0.000002,0.000002,0.000003,0.000003,0.000004,0.000005,0.000006,0.000007,0.000008,0.000009,0.000011,0.000013,0.000015,0.000017,0.000019,0.000022,0.000024,0.000027,0.000030,0.000033,0.000036,0.000039,0.000042,0.000045,0.000048,0.000050,0.000053,0.000055,0.000056,0.000058,0.000059,0.000059,0.000060,0.000059,0.000059,0.000058,0.000056,0.000055,0.000053,0.000050,0.000048,0.000045,0.000042,0.000039,0.000036,0.000033,0.000030,0.000027,0.000024,0.000022,0.000019,0.000017,0.000015,0.000013,0.000011,0.000009,0.000008,0.000007,0.000006,0.000005,0.000004,0.000003,0.000003,0.000002,0.000002,0.000001,0.000001,0.000001,0.000001,0.000001,0.000000,0.000000,0.000000,0.000000,0.000000,0.000000,0.000000,0.000000,0.000000,0.000000,0.000000,0.000000
0.000000,0.000000,0.000000,0.000000,0.000000,0.000000,0.000000,0.000000,0.000000,0.000000,0.000000,0.000000,0.000000,0.000001,0.000001,0.000001,0.000001,0.000002,0.000002,0.000003,0.000003,0.000004,0.000005,0.000006,0.000007,0.000008,0.000010,0.000012,0.000014,0.000016,0.000018,0.000021,0.000024,0.000027,0.000030,0.000033,0.000037,0.000040,0.000044,0.000048,0.000051,0.000055,0.000058,0.000061,0.000064,0.000067,0.000069,0.000070,0.000072,0.000072,0.000073,0.000072,0.000072,0.000070,0.000069,0.000067,0.000064,0.000061,0.000058,0.000055,0.000051,0.000048,0.000044,0.000040,0.000037,0.000033,0.000030,0.000027,0.000024,0.000021,0.000018,0.000016,0.000014,0.000012,0.000010,0.000008,0.000007,0.000006,0.000005,0.000004,0.000003,0.000003,0.000002,0.000002,0.000001,0.000001,0.000001,0.000001,0.000000,0.000000,0.000000,0.000000,0.000000,0.000000,0.000000,0.000000,0.000000,0.000000,0.000000,0.000000
0.000000,0.000000,0.000000,0.000000,0.000000,0.000000,0.000000,0.000000,0.000000,0.000000,0.000000,0.000000,0.000001,0.000001,0.000001,0.000001,0.000002,0.000002,0.000003,0.000003,0.000004,0.000005,0.000006,0.000007,0.000008,0.000010,0.000012,0.000014,0.000016,0.000019,0.000022,0.000025,0.000028,0.000032,0.000036,0.000040,0.000044,0.000049,0.000053,0.000058,0.000062,0.000066,0.000070,0.000074,0.000078,0.000081,0.000083,0.000085,0.000087,0.000088,0.000088,0.000088,0.000087,0.000085,0.000083,0.000081,0.000078,0.000074,0.000070,0.000066,0.000062,0.000058,0.000053,0.000049,0.000044,0.000040,0.000036,0.000032,0.000028,0.000025,0.000022,0.000019,0.000016,0.000014,0.000012,0.000010,0.000008,0.000007,0.000006,0.000005,0.000004,0.000003,0.000003,0.000002,0.000002,0.000001,0.000001,0.000001,0.000001,0.000000,0.000000,0.000000,0.000000,0.000000,0.000000,0.000000,0.000000,0.000000,0.000000,0.000000
0.000000,0.000000,0.000000,0.000000,0.000000,0.000000,0.000000,0.000000,0.000000,0.000000,0.000000,0.000001,0.000001,0.000001,0.000001,0.000002,0.000002,0.000002,0.000003,0.000004,0.000005,0.000006,0.000007,0.000008,0.000010,0.000012,0.000014,0.000017,0.000020,0.000023,0.000026,0.000030,0.000034,0.000039,0.000043,0.000048,0.000053,0.000059,0.000064,0.000069,0.000075,0.000080,0.000085,0.000089,0.000093,0.000097,0.000100,0.000102,0.000104,0.000105,0.000106,0.000105,0.000104,0.000102,0.000100,0.000097,0.000093,0.000089,0.000085,0.000080,0.000075,0.000069,0.000064,0.000059,0.000053,0.000048,0.000043,0.000039,0.000034,0.000030,0.000026,0.000023,0.000020,0.000017,0.000014,0.000012,0.000010,0.000008,0.000007,0.000006,0.000005,0.000004,0.000003,0.000002,0.000002,0.000002,0.000001,0.000001,0.000001,0.000001,0.000000,0.000000,0.000000,0.000000,0.000000,0.000000,0.000000,0.000000,0.000000,0.000000
0.000000,0.000000,0.000000,0.000000,0.000000,0.000000,0.000000,0.000000,0.000000,0.000000,0.000000,0.000001,0.000001,0.000001,0.000001,0.000002,0.000002,0.000003,0.000004,0.000004,0.000006,0.000007,0.000008,0.000010,0.000012,0.000014,0.000017,0.000020,0.000023,0.000027,0.000031,0.000036,0.000041,0.000046,0.000052,0.000058,0.000064,0.000070,0.000076,0.000083,0.000089,0.000095,0.000101,0.000106,0.000111,0.000116,0.000119,0.000122,0.000124,0.000126,0.000126,0.000126,0.000124,0.000122,0.000119,0.000116,0.000111,0.000106,0.000101,0.000095,0.000089,0.000083,0.000076,0.000070,0.000064,0.000058,0.000052,0.000046,0.000041,0.000036,0.000031,0.000027,0.000023,0.000020,0.000017,0.000014,0.000012,0.000010,0.000008,0.000007,0.000006,0.000004,0.000004,0.000003,0.000002,0.000002,0.000001,0.000001,0.000001,0.000001,0.000000,0.000000,0.000000,0.000000,0.000000,0.000000,0.000000,0.000000,0.000000,0.000000
0.000000,0.000000,0.000000,0.000000,0.000000,0.000000,0.000000,0.000000,0.000000,0.000000,0.000001,0.000001,0.000001,0.000001,0.000002,0.000002,0.000003,0.000003,0.000004,0.000005,0.000007,0.000008,0.000010,0.000012,0.000014,0.000017,0.000020,0.000024,0.000028,0.000032,0.000037,0.000043,0.000048,0.000055,0.000061,0.000068,0.000076,0.000083,0.000091,0.000098,0.000106,0.000113,0.000120,0.000126,0.000132,0.000137,0.000141,0.000145,0.000147,0.000149,0.000149,0.000149,0.000147,0.000145,0.000141,0.000137,0.000132,0.000126,0.000120,0.000113,0.000106,0.000098,0.000091,0.000083,0.000076,0.000068,0.000061,0.000055,0.000048,0.000043,0.000037,0.000032,0.000028,0.000024,0.000020,0.000017,0.000014,0.000012,0.000010,0.000008,0.000007,0.000005,0.000004,0.000003,0.000003,0.000002,0.000002,0.000001,0.000001,0.000001,0.000001,0.000000,0.000000,0.000000,0.000000,0.000000,0.000000,0.000000,0.000000,0.000000
0.000000,0.000000,0.000000,0.000000,0.000000,0.000000,0.000000,0.000000,0.000000,0.000001,0.000001,0.000001,0.000001,0.000002,0.000002,0.000003,0.000003,0.000004,0.000005,0.000006,0.000008,0.000009,0.000012,0.000014,0.000017,0.000020,0.000024,0.000028,0.000033,0.000038,0.000044,0.000050,0.000057,0.000064,0.000072,0.000080,0.000089,0.000098,0.000107,0.000115,0.000124,0.000133,0.000141,0.000148,0.000155,0.000161,0.000166,0.000171,0.000174,0.000175,0.000176,0.000175,0.000174,0.000171,0.000166,0.000161,0.000155,0.000148,0.000141,0.000133,0.000124,0.000115,0.000107,0.000098,0.000089,0.000080,0.000072,0.000064,0.000057,0.000050,0.000044,0.000038,0.000033,0.000028,0.000024,0.000020,0.000017,0.000014,0.000012,0.000009,0.000008,0.000006,0.000005,0.000004,0.000003,0.000003,0.000002,0.000002,0.000001,0.000001,0.000001,0.000001,0.000000,0.000000,0.000000,0.000000,0.000000,0.000000,0.000000,0.000000
0.000000,0.000000,0.000000,0.000000,0.000000,0.000000,0.000000,0.000000,0.000000,0.000001,0.000001,0.000001,0.000001,0.000002,0.000002,0.000003,0.000004,0.000005,0.000006,0.000007,0.000009,0.000011,0.000014,0.000016,0.000020,0.000023,0.000028,0.000033,0.000038,0.000044,0.000051,0.000059,0.000067,0.000075,0.000084,0.000094,0.000104,0.000114,0.000125,0.000135,0.000145,0.000155,0.000165,0.000173,0.000181,0.000189,0.000195,0.000199,0.000203,0.000205,0.000206,0.000205,0.000203,0.000199,0.000195,0.000189,0.000181,0.000173,0.000165,0.000155,0.000145,0.000135,0.000125,0.000114,0.000104,0.000094,0.000084,0.000075,0.000067,0.000059,0.000051,0.000044,0.000038,0.000033,0.000028,0.000023,0.000020,0.000016,0.000014,0.000011,0.000009,0.000007,0.000006,0.000005,0.000004,0.000003,0.000002,0.000002,0.000001,0.000001,0.000001,0.000001,0.000000,0.000000,0.000000,0.000000,0.000000,0.000000,0.000000,0.000000
0.000000,0.000000,0.000000,0.000000,0.000000,0.000000,0.000000,0.000000,0.000001,0.000001,0.000001,0.000001,0.000002,0.000002,0.000003,0.000003,0.000004,0.000005,0.000007,0.000009,0.000010,0.000013,0.000016,0.000019,0.000023,0.000027,0.000032,0.000038,0.000044,0.000052,0.000059,0.000068,0.000077,0.000087,0.000098,0.000109,0.000121,0.000133,0.000145,0.000157,0.000169,0.000180,0.000191,0.000201,0.000211,0.000219,0.000226,0.000231,0.000236,0.000238,0.000239,0.000238,0.000236,0.000231,0.000226,0.000219,0.000211,0.000201,0.000191,0.000180,0.000169,0.000157,0.000145,0.000133,0.000121,0.000109,0.000098,0.000087,0.000077,0.000068,0.000059,0.000052,0.000044,0.000038,0.000032,0.000027,0.000023,0.000019,0.000016,0.000013,0.000010,0.000009,0.000007,0.000005,0.000004,0.000003,0.000003,0.000002,0.000002,0.000001,0.000001,0.000001,0.000001,0.000000,0.000000,0.000000,0.000000,0.000000,0.000000,0.000000
0.000000,0.000000,0.000000,0.000000,0.000000,0.000000,0.000000,0.000000,0.000001,0.000001,0.000001,0.000001,0.000002,0.000002,0.000003,0.000004,0.000005,0.000006,0.000008,0.000010,0.000012,0.000015,0.000018,0.000022,0.000026,0.000031,0.000037,0.000044,0.000051,0.000059,0.000068,0.000078,0.000089,0.000101,0.000113,0.000126,0.000139,0.000153,0.000167,0.000181,0.000194,0.000208,0.000220,0.000232,0.000243,0.000252,0.000260,0.000267,0.000272,0.000274,0.000275,0.000274,0.000272,0.000267,0.000260,0.000252,0.000243,0.000232,0.000220,0.000208,0.000194,0.000181,0.000167,0.000153,0.000139,0.000126,0.000113,0.000101,0.000089,0.000078,0.000068,0.000059,0.000051,0.000044,0.000037,0.000031,0.000026,0.000022,0.000018,0.000015,0.000012,0.000010,0.000008,0.000006,0.000005,0.000004,0.000003,0.000002,0.000002,0.000001,0.000001,0.000001,0.000001,0.000000,0.000000,0.000000,0.000000,0.000000,0.000000,0.000000
0.000000,0.000000,0.000000,0.000000,0.000000,0.000000,0.000000,0.000001,0.000001,0.000001,0.000001,0.000002,0.000002,0.000003,0.000004,0.000005,0.000006,0.000007,0.000009,0.000011,0.000014,0.000017,0.000021,0.000025,0.000030,0.000036,0.000043,0.000050,0.000059,0.000068,0.000078,0.000090,0.000102,0.000115,0.000129,0.000144,0.000159,0.000175,0.000191,0.000207,0.000223,0.000238,0.000252,0.000266,0.000278,0.000289,0.000298,0.000306,0.000311,0.000314,0.000315,0.000314,0.000311,0.000306,0.000298,0.000289,0.000278,0.000266,0.000252,0.000238,0.000223,0.000207,0.000191,0.000175,0.000159,0.000144,0.000129,0.000115,0.000102,0.000090,0.000078,0.000068,0.000059,0.000050,0.000043,0.000036,0.000030,0.000025,0.000021,0.000017,0.000014,0.000011,0.000009,0.000007,0.000006,0.000005,0.000004,0.000003,0.000002,0.000002,0.000001,0.000001,0.000001,0.000001,0.000000,0.000000,0.000000,0.000000,0.000000,0.000000
0.000000,0.000000,0.000000,0.000000,0.000000,0.000000,0.000000,0.000001,0.000001,0.000001,0.000001,0.000002,0.000002,0.000003,0.000004,0.000005,0.000007,0.000008,0.000010,0.000013,0.000016,0.000019,0.000024,0.000028,0.000034,0.000041,0.000048,0.000057,0.000067,0.000077,0.000089,0.000102,0.000116,0.000131,0.000147,0.000164,0.000181,0.000199,0.000217,0.000235,0.000253,0.000270,0.000287,0.000302,0.000316,0.000329,0.000339,0.000348,0.000354,0.000357,0.000359,0.000357,0.000354,0.000348,0.000339,0.000329,0.000316,0.000302,0.000287,0.000270,0.000253,0.000235,0.000217,0.000199,0.000181,0.000164,0.000147,0.000131,0.000116,0.000102,0.000089,0.000077,0.000067,0.000057,0.000048,0.000041,0.000034,0.000028,0.000024,0.000019,0.000016,0.000013,0.000010,0.000008,0.000007,0.000005,0.000004,0.000003,0.000002,0.000002,0.000001,0.000001,0.000001,0.000001,0.000000,0.000000,0.000000,0.000000,0.000000,0.000000
0.000000,0.000000,0.000000,0.000000,0.000000,0.000000,0.000000,0.000001,0.000001,0.000001,0.000002,0.000002,0.000003,0.000004,0.000005,0.000006,0.000007,0.000009,0.000012,0.000014,0.000018,0.000022,0.000027,0.000032,0.000039,0.000046,0.000055,0.000064,0.000075,0.000087,0.000101,0.000115,0.000131,0.000148,0.000166,0.000185,0.000205,0.000225,0.000245,0.000266,0.000286,0.000305,0.000324,0.000341,0.000357,0.000371,0.000383,0.000392,0.000399,0.000404,0.000405,0.000404,0.000399,0.000392,0.000383,0.000371,0.000357,0.000341,0.000324,0.000305,0.000286,0.000266,0.000245,0.000225,0.000205,0.000185,0.000166,0.000148,0.000131,0.000115,0.000101,0.000087,0.000075,0.000064,0.000055,0.000046,0.000039,0.000032,0.000027,0.000022,0.000018,0.000014,0.000012,0.000009,0.000007,0.000006,0.000005,0.000004,0.000003,0.000002,0.000002,0.000001,0.000001,0.000001,0.000000,0.000000,0.000000,0.000000,0.000000,0.000000
0.000000,0.000000,0.000000,0.000000,0.000000,0.000000,0.000001,0.000001,0.000001,0.000001,0.000002,0.000002,0.000003,0.000004,0.000005,0.000006,0.000008,0.000010,0.000013,0.000016,0.000020,0.000024,0.000030,0.000036,0.000043,0.000052,0.000061,0.000072,0.000084,0.000098,0.000113,0.000129,0.000147,0.000166,0.000186,0.000208,0.000230,0.000252,0.000275,0.000298,0.000321,0.000343,0.000363,0.000383,0.000401,0.000416,0.000430,0.000440,0.000448,0.000453,0.000454,0.000453,0.000448,0.000440,0.000430,0.000416,0.000401,0.000383,0.000363,0.000343,0.000321,0.000298,0.000275,0.000252,0.000230,0.000208,0.000186,0.000166,0.000147,0.000129,0.000113,0.000098,0.000084,0.000072,0.000061,0.000052,0.000043,0.000036,0.000030,0.000024,0.000020,0.000016,0.000013,0.000010,0.000008,0.000006,0.000005,0.000004,0.000003,0.000002,0.000002,0.000001,0.000001,0.000001,0.000001,0.000000,0.000000,0.000000,0.000000,0.000000
0.000000,0.000000,0.000000,0.000000,0.000000,0.000000,0.000001,0.000001,0.000001,0.000002,0.000002,0.000003,0.000003,0.000004,0.000006,0.000007,0.000009,0.000012,0.000014,0.000018,0.000022,0.000027,0.000033,0.000040,0.000048,0.000058,0.000068,0.000080,0.000094,0.000109,0.000126,0.000144,0.000164,0.000185,0.000208,0.000231,0.000256,0.000281,0.000306,0.000332,0.000357,0.000382,0.000405,0.000426,0.000446,0.000464,0.000478,0.000490,0.000499,0.000504,0.000506,0.000504,0.000499,0.000490,0.000478,0.000464,0.000446,0.000426,0.000405,0.000382,0.000357,0.000332,0.000306,0.000281,0.000256,0.000231,0.000208,0.000185,0.000164,0.000144,0.000126,0.000109,0.000094,0.000080,0.000068,0.000058,0.000048,0.000040,0.000033,0.000027,0.000022,0.000018,0.000014,0.000012,0.000009,0.000007,0.000006,0.000004,0.000003,0.000003,0.000002,0.000001,0.000001,0.000001,0.000001,0.000000,0.000000,0.000000,0.000000,0.000000
0.000000,0.000000,0.000000,0.000000,0.000000,0.000000,0.000001,0.000001,0.000001,0.000002,0.000002,0.000003,0.000004,0.000005,0.000006,0.000008,0.000010,0.000013,0.000016,0.000020,0.000025,0.000030,0.000037,0.000044,0.000053,0.000064,0.000076,0.000089,0.000104,0.000121,0.000139,0.000159,0.000181,0.000205,0.000230,0.000256,0.000283,0.000311,0.000339,0.000367,0.000395,0.000422,0.000448,0.000472,0.000494,0.000513,0.000529,0.000542,0.000552,0.000558,0.000560,0.000558,0.000552,0.000542,0.000529,0.000513,0.000494,0.000472,0.000448,0.000422,0.000395,0.000367,0.000339,0.000311,0.000283,0.000256,0.000230,0.000205,0.000181,0.000159,0.000139,0.000121,0.000104,0.000089,0.000076,0.000064,0.000053,0.000044,0.000037,0.000030,0.000025,0.000020,0.000016,0.000013,0.000010,0.000008,0.000006,0.000005,0.000004,0.000003,0.000002,0.000002,0.000001,0.000001,0.000001,0.000000,0.000000,0.000000,0.000000,0.000000
0.000000,0.000000,0.000000,0.000000,0.000000,0.000001,0.000001,0.000001,0.000001,0.000002,0.000002,0.000003,0.000004,0.000005,0.000007,0.000009,0.000011,0.000014,0.000018,0.000022,0.000027,0.000033,0.000040,0.000049,0.000059,0.000070,0.000083,0.000098,0.000114,0.000133,0.000153,0.000175,0.000199,0.000225,0.000252,0.000281,0.000311,0.000341,0.000372,0.000403,0.000434,0.000464,0.000492,0.000518,0.000542,0.000563,0.000581,0.000596,0.000606,0.000613,0.000615,0.000613,0.000606,0.000596,0.000581,0.000563,0.000542,0.000518,0.000492,0.000464,0.000434,0.000403,0.000372,0.000341,0.000311,0.000281,0.000252,0.000225,0.000199,0.000175,0.000153,0.000133,0.000114,0.000098,0.000083,0.000070,0.000059,0.000049,0.000040,0.000033,0.000027,0.000022,0.000018,0.000014,0.000011,0.000009,0.000007,0.000005,0.000004,0.000003,0.000002,0.000002,0.000001,0.000001,0.000001,0.000001,0.000000,0.000000,0.000000,0.000000
0.000000,0.000000,0.000000,0.000000,0.000000,0.000001,0.000001,0.000001,0.000001,0.000002,0.000003,0.000003,0.000005,0.000006,0.000008,0.000010,0.000012,0.000015,0.000019,0.000024,0.000029,0.000036,0.000044,0.000053,0.000064,0.000076,0.000091,0.000107,0.000125,0.000145,0.000167,0.000191,0.000217,0.000245,0.000275,0.000306,0.000339,0.000372,0.000406,0.000440,0.000473,0.000506,0.000537,0.000565,0.000592,0.000615,0.000634,0.000650,0.000661,0.000668,0.000671,0.000668,0.000661,0.000650,0.000634,0.000615,0.000592,0.000565,0.000537,0.000506,0.000473,0.000440,0.000406,0.000372,0.000339,0.000306,0.000275,0.000245,0.000217,0.000191,0.000167,0.000145,0.000125,0.000107,0.000091,0.000076,0.000064,0.000053,0.000044,0.000036,0.000029,0.000024,0.000019,0.000015,0.000012,0.000010,0.000008,0.000006,0.000005,0.000003,0.000003,0.000002,0.000001,0.000001,0.000001,0.000001,0.000000,0.000000,0.000000,0.000000
0.000000,0.000000,0.000000,0.000000,0.000000,0.000001,0.000001,0.000001,0.000002,0.000002,0.000003,0.000004,0.000005,0.000006,0.000008,0.000010,0.000013,0.000017,0.000021,0.000026,0.000032,0.000039,0.000048,0.000058,0.000069,0.000083,0.000098,0.000115,0.000135,0.000157,0.000181,0.000207,0.000235,0.000266,0.000298,0.000332,0.000367,0.000403,0.000440,0.000477,0.000513,0.000548,0.000581,0.000612,0.000641,0.000666,0.000687,0.000704,0.000716,0.000724,0.000726,0.000724,0.000716,0.000704,0.000687,0.000666,0.000641,0.000612,0.000581,0.000548,0.000513,0.000477,0.000440,0.000403,0.000367,0.000332,0.000298,0.000266,0.000235,0.000207,0.000181,0.000157,0.000135,0.000115,0.000098,0.000083,0.000069,0.000058,0.000048,0.000039,0.000032,0.000026,0.000021,0.000017,0.000013,0.000010,0.000008,0.000006,0.000005,0.000004,0.000003,0.000002,0.000002,0.000001,0.000001,0.000001,0.000000,0.000000,0.000000,0.000000
0.000000,0.000000,0.000000,0.000000,0.000000,0.000001,0.000001,0.000001,0.000002,0.000002,0.000003,0.000004,0.000005,0.000007,0.000009,0.000011,0.000014,0.000018,0.000022,0.000028,0.000034,0.000042,0.000051,0.000062,0.000075,0.000089,0.000106,0.000124,0.000145,0.000169,0.000194,0.000223,0.000253,0.000286,0.000321,0.000357,0.000395,0.000434,0.000473,0.000513,0.000552,0.000589,0.000625,0.000659,0.000689,0.000716,0.000739,0.000757,0.000771,0.000779,0.000782,0.000779,0.000771,0.000757,0.000739,0.000716,0.000689,0.000659,0.000625,0.000589,0.000552,0.000513,0.000473,0.000434,0.000395,0.000357,0.000321,0.000286,0.000253,0.000223,0.000194,0.000169,0.000145,0.000124,0.000106,0.000089,0.000075,0.000062,0.000051,0.000042,0.000034,0.000028,0.000022,0.000018,0.000014,0.000011,0.000009,0.000007,0.000005,0.000004,0.000003,0.000002,0.000002,0.000001,0.000001,0.000001,0.000000,0.000000,0.000000,0.000000
0.000000,0.000000,0.000000,0.000000,0.000001,0.000001,0.000001,0.000001,0.000002,0.000002,0.000003,0.000004,0.000006,0.000007,0.000009,0.000012,0.000015,0.000019,0.000024,0.000030,0.000037,0.000045,0.000055,0.000066,0.000080,0.000095,0.000113,0.000133,0.000155,0.000180,0.000208,0.000238,0.000270,0.000305,0.000343,0.000382,0.000422,0.000464,0.000506,0.000548,0.000589,0.000630,0.000668,0.000704,0.000737,0.000765,0.000790,0.000809,0.000823,0.000832,0.000835,0.000832,0.000823,0.000809,0.000790,0.000765,0.000737,0.000704,0.000668,0.000630,0.000589,0.000548,0.000506,0.000464,0.000422,0.000382,0.000343,0.000305,0.000270,0.000238,0.000208,0.000180,0.000155,0.000133,0.000113,0.000095,0.000080,0.000066,0.000055,0.000045,0.000037,0.000030,0.000024,0.000019,0.000015,0.000012,0.000009,0.000007,0.000006,0.000004,0.000003,0.000002,0.000002,0.000001,0.000001,0.000001,0.000000,0.000000,0.000000,0.000000
0.000000,0.000000,0.000000,0.000000,0.000001,0.000001,0.000001,0.000001,0.000002,0.000003,0.000003,0.000005,0.000006,0.000008,0.000010,0.000013,0.000016,0.000020,0.000025,0.000032,0.000039,0.000048,0.000058,0.000070,0.000085,0.000101,0.000120,0.000141,0.000165,0.000191,0.000220,0.000252,0.000287,0.000324,0.000363,0.000405,0.000448,0.000492,0.000537,0.000581,0.000625,0.000668,0.000709,0.000747,0.000781,0.000812,0.000838,0.000859,0.000874,0.000883,0.000886,0.000883,0.000874,0.000859,0.000838,0.000812,0.000781,0.000747,0.000709,0.000668,0.000625,0.000581,0.000537,0.000492,0.000448,0.000405,0.000363,0.000324,0.000287,0.000252,0.000220,0.000191,0.000165,0.000141,0.000120,0.000101,0.000085,0.000070,0.000058,0.000048,0.000039,0.000032,0.000025,0.000020,0.000016,0.000013,0.000010,0.000008,0.000006,0.000005,0.000003,0.000003,0.000002,0.000001,0.000001,0.000001,0.000001,0.000000,0.000000,0.000000
0.000000,0.000000,0.000000,0.000000,0.000001,0.000001,0.000001,0.000002,0.000002,0.000003,0.000004,0.000005,0.000006,0.000008,0.000010,0.000013,0.000017,0.000021,0.000027,0.000033,0.000041,0.000050,0.000061,0.000074,0.000089,0.000106,0.000126,0.000148,0.000173,0.000201,0.000232,0.000266,0.000302,0.000341,0.000383,0.000426,0.000472,0.000518,0.000565,0.000612,0.000659,0.000704,0.000747,0.000787,0.000823,0.000856,0.000883,0.000905,0.000920,0.000930,0.000933,0.000930,0.000920,0.000905,0.000883,0.000856,0.000823,0.000787,0.000747,0.000704,0.000659,0.000612,0.000565,0.000518,0.000472,0.000426,0.000383,0.000341,0.000302,0.000266,0.000232,0.000201,0.000173,0.000148,0.000126,0.000106,0.000089,0.000074,0.000061,0.000050,0.000041,0.000033,0.000027,0.000021,0.000017,0.000013,0.000010,0.000008,0.000006,0.000005,0.000004,0.000003,0.000002,0.000002,0.000001,0.000001,0.000001,0.000000,0.000000,0.000000
