0.000000,0.000000,0.000000,0.000000,0.000000,0.000000,0.000000,0.000000,0.000000,0.000000,0.000000,0.000000,0.000000,0.000000,0.000000,0.000000,0.000000,0.000000,0.000000,0.000000,0.000000,0.000000,0.000000,0.000000,0.000000,0.000000,0.000000,0.000000,0.000000,0.000000,0.000000,0.000000,0.000000,0.000000,0.000000,0.000000,0.000000,0.000000,0.000000,0.000000,0.000000,0.000000,0.000000,0.000000,0.000000,0.000000,0.000000,0.000000,0.000000,0.000000,0.000000,0.000000,0.000000,0.000000,0.000000,0.000000,0.000000,0.000000,0.000000,0.000000,0.000000,0.000000,0.000000,0.000000,0.000000,0.000000,0.000000,0.000000,0.000000,0.000000,0.000000,0.000000,0.000000,0.000000,0.000000,0.000000,0.000000,0.000000,0.000000,0.000000,0.000000,0.000000,0.000000,0.000000,0.000000,0.000000,0.000000,0.000000,0.000000,0.000000,0.000000,0.000000,0.000000,0.000000,0.000000,0.000000,0.000000,0.000000,0.000000,0.000000
0.000000,0.000000,0.000000,0.000000,0.000000,0.000000,0.000000,0.000000,0.000000,0.000000,0.000000,0.000000,0.000000,0.000000,0.000000,0.000000,0.000000,0.000000,0.000000,0.000000,0.000000,0.000000,0.000000,0.000000,0.000000,0.000000,0.000000,0.000000,0.000000,0.000000,0.000000,0.000000,0.000000,0.000000,0.000000,0.000000,0.000000,0.000000,0.000000,0.000000,0.000000,0.000000,0.000000,0.000000,0.000000,0.000000,0.000000,0.000000,0.000000,0.000000,0.000000,0.000000,0.000000,0.000000,0.000000,0.000000,0.000000,0.000000,0.000000,0.000000,0.000000,0.000000,0.000000,0.000000,0.000000,0.000000,0.000000,0.000000,0.000000,0.000000,0.000000,0.000000,0.000000,0.000000,0.000000,0.000000,0.000000,0.000000,0.000000,0.000000,0.000000,0.000000,0.000000,0.000000,0.000000,0.000000,0.000000,0.000000,0.000000,0.000000,0.000000,0.000000,0.000000,0.000000,0.000000,0.000000,0.000000,0.000000,0.000000,0.000000
0.000000,0.000000,0.000000,0.000000,0.000000,0.000000,0.000000,0.000000,0.000000,0.000000,0.000000,0.000000,0.000000,0.000000,0.000000,0.000000,0.000000,0.000000,0.000000,0.000000,0.000000,0.000000,0.000000,0.000000,0.000000,0.000000,0.000000,0.000000,0.000000,0.000000,0.000000,0.000000,0.000000,0.000000,0.000000,0.000000,0.000000,0.000000,0.000000,0.000000,0.000000,0.000000,0.000000,0.000000,0.000000,0.000000,0.000000,0.000000,0.000000,0.000000,0.000000,0.000000,0.000000,0.000000,0.000000,0.000000,0.000000,0.000000,0.000000,0.000000,0.000000,0.000000,0.000000,0.000000,0.000000,0.000000,0.000000,0.000000,0.000000,0.000000,0.000000,0.000000,0.000000,0.000000,0.000000,0.000000,0.000000,0.000000,0.000000,0.000000,0.000000,0.000000,0.000000,0.000000,0.000000,0.000000,0.000000,0.000000,0.000000,0.000000,0.000000,0.000000,0.000000,0.000000,0.000000,0.000000,0.000000,0.000000,0.000000,0.000000
0.000000,0.000000,0.000000,0.000000,0.000000,0.000000,0.000000,0.000000,0.000000,0.000000,0.000000,0.000000,0.000000,0.000000,0.000000,0.000000,0.000000,0.000000,0.000000,0.000000,0.000000,0.000000,0.000000,0.000000,0.000000,0.000000,0.000000,0.000000,0.000000,0.000000,0.000000,0.000000,0.000000,0.000000,0.000000,0.000000,0.000000,0.000000,0.000000,0.000000,0.000000,0.000000,0.000000,0.000000,0.000000,0.000001,0.000001,0.000001,0.000001,0.000001,0.000001,0.000001,0.000001,0.000001,0.000001,0.000001,0.000000,0.000000,0.000000,0.000000,0.000000,0.000000,0.000000,0.000000,0.000000,0.000000,0.000000,0.000000,0.000000,0.000000,0.000000,0.000000,0.000000,0.000000,0.000000,0.000000,0.000000,0.000000,0.000000,0.000000,0.000000,0.000000,0.000000,0.000000,0.000000,0.000000,0.000000,0.000000,0.000000,0.000000,0.000000,0.000000,0.000000,0.000000,0.000000,0.000000,0.000000,0.000000,0.000000,0.000000
0.000000,0.000000,0.000000,0.000000,0.000000,0.000000,0.000000,0.000000,0.000000,0.000000,0.000000,0.000000,0.000000,0.000000,0.000000,0.000000,0.000000,0.000000,0.000000,0.000000,0.000000,0.000000,0.000000,0.000000,0.000000,0.000000,0.000000,0.000000,0.000000,0.000000,0.000000,0.000000,0.000000,0.000000,0.000000,0.000000,0.000000,0.000000,0.000000,0.000001,0.000001,0.000001,0.000001,0.000001,0.000001,0.000001,0.000001,0.000001,0.000001,0.000001,0.000001,0.000001,0.000001,0.000001,0.000001,0.000001,0.000001,0.000001,0.000001,0.000001,0.000001,0.000001,0.000000,0.000000,0.000000,0.000000,0.000000,0.000000,0.000000,0.000000,0.000000,0.000000,0.000000,0.000000,0.000000,0.000000,0.000000,0.000000,0.000000,0.000000,0.000000,0.000000,0.000000,0.000000,0.000000,0.000000,0.000000,0.000000,0.000000,0.000000,0.000000,0.000000,0.000000,0.000000,0.000000,0.000000,0.000000,0.000000,0.000000,0.000000
0.000000,0.000000,0.000000,0.000000,0.000000,0.000000,0.000000,0.000000,0.000000,0.000000,0.000000,0.000000,0.000000,0.000000,0.000000,0.000000,0.000000,0.000000,0.000000,0.000000,0.000000,0.000000,0.000000,0.000000,0.000000,0.000000,0.000000,0.000000,0.000000,0.000000,0.000000,0.000000,0.000000,0.000000,0.000000,0.000001,0.000001,0.000001,0.000001,0.000001,0.000001,0.000001,0.000001,0.000001,0.000001,0.000001,0.000001,0.000001,0.000001,0.000001,0.000001,0.000001,0.000001,0.000001,0.000001,0.000001,0.000001,0.000001,0.000001,0.000001,0.000001,0.000001,0.000001,0.000001,0.000001,0.000001,0.000000,0.000000,0.000000,0.000000,0.000000,0.000000,0.000000,0.000000,0.000000,0.000000,0.000000,0.000000,0.000000,0.000000,0.000000,0.000000,0.000000,0.000000,0.000000,0.000000,0.000000,0.000000,0.000000,0.000000,0.000000,0.000000,0.000000,0.000000,0.000000,0.000000,0.000000,0.000000,0.000000,0.000000
0.000000,0.000000,0.000000,0.000000,0.000000,0.000000,0.000000,0.000000,0.000000,0.000000,0.000000,0.000000,0.000000,0.000000,0.000000,0.000000,0.000000,0.000000,0.000000,0.000000,0.000000,0.000000,0.000000,0.000000,0.000000,0.000000,0.000000,0.000000,0.000000,0.000000,0.000000,0.000000,0.000001,0.000001,0.000001,0.000001,0.000001,0.000001,0.000001,0.000001,0.000001,0.000001,0.000001,0.000001,0.000001,0.000001,0.000001,0.000002,0.000002,0.000002,0.000002,0.000002,0.000002,0.000002,0.000001,0.000001,0.000001,0.000001,0.000001,0.000001,0.000001,0.000001,0.000001,0.000001,0.000001,0.000001,0.000001,0.000001,0.000001,0.000000,0.000000,0.000000,0.000000,0.000000,0.000000,0.000000,0.000000,0.000000,0.000000,0.000000,0.000000,0.000000,0.000000,0.000000,0.000000,0.000000,0.000000,0.000000,0.000000,0.000000,0.000000,0.000000,0.000000,0.000000,0.000000,0.000000,0.000000,0.000000,0.000000,0.000000
0.000000,0.000000,0.000000,0.000000,0.000000,0.000000,0.000000,0.000000,0.000000,0.000000,0.000000,0.000000,0.000000,0.000000,0.000000,0.000000,0.000000,0.000000,0.000000,0.000000,0.000000,0.000000,0.000000,0.000000,0.000000,0.000000,0.000000,0.000000,0.000000,0.000000,0.000001,0.000001,0.000001,0.000001,0.000001,0.000001,0.000001,0.000001,0.000001,0.000001,0.000002,0.000002,0.000002,0.000002,0.000002,0.000002,0.000002,0.000002,0.000002,0.000002,0.000002,0.000002,0.000002,0.000002,0.000002,0.000002,0.000002,0.000002,0.000002,0.000002,0.000002,0.000001,0.000001,0.000001,0.000001,0.000001,0.000001,0.000001,0.000001,0.000001,0.000001,0.000000,0.000000,0.000000,0.000000,0.000000,0.000000,0.000000,0.000000,0.000000,0.000000,0.000000,0.000000,0.000000,0.000000,0.000000,0.000000,0.000000,0.000000,0.000000,0.000000,0.000000,0.000000,0.000000,0.000000,0.000000,0.000000,0.000000,0.000000,0.000000
0.000000,0.000000,0.000000,0.000000,0.000000,0.000000,0.000000,0.000000,0.000000,0.000000,0.000000,0.000000,0.000000,0.000000,0.000000,0.000000,0.000000,0.000000,0.000000,0.000000,0.000000,0.000000,0.000000,0.000000,0.000000,0.000000,0.000000,0.000000,0.000001,0.000001,0.000001,0.000001,0.000001,0.000001,0.000001,0.000001,0.000001,0.000002,0.000002,0.000002,0.000002,0.000002,0.000002,0.000002,0.000002,0.000003,0.000003,0.000003,0.000003,0.000003,0.000003,0.000003,0.000003,0.000003,0.000003,0.000003,0.000002,0.000002,0.000002,0.000002,0.000002,0.000002,0.000002,0.000002,0.000001,0.000001,0.000001,0.000001,0.000001,0.000001,0.000001,0.000001,0.000001,0.000000,0.000000,0.000000,0.000000,0.000000,0.000000,0.000000,0.000000,0.000000,0.000000,0.000000,0.000000,0.000000,0.000000,0.000000,0.000000,0.000000,0.000000,0.000000,0.000000,0.000000,0.000000,0.000000,0.000000,0.000000,0.000000,0.000000
0.000000,0.000000,0.000000,0.000000,0.000000,0.000000,0.000000,0.000000,0.000000,0.000000,0.000000,0.000000,0.000000,0.000000,0.000000,0.000000,0.000000,0.000000,0.000000,0.000000,0.000000,0.000000,0.000000,0.000000,0.000000,0.000000,0.000001,0.000001,0.000001,0.000001,0.000001,0.000001,0.000001,0.000001,0.000002,0.000002,0.000002,0.000002,0.000002,0.000002,0.000003,0.000003,0.000003,0.000003,0.000003,0.000003,0.000004,0.000004,0.000004,0.000004,0.000004,0.000004,0.000004,0.000004,0.000004,0.000003,0.000003,0.000003,0.000003,0.000003,0.000003,0.000002,0.000002,0.000002,0.000002,0.000002,0.000002,0.000001,0.000001,0.000001,0.000001,0.000001,0.000001,0.000001,0.000001,0.000000,0.000000,0.000000,0.000000,0.000000,0.000000,0.000000,0.000000,0.000000,0.000000,0.000000,0.000000,0.000000,0.000000,0.000000,0.000000,0.000000,0.000000,0.000000,0.000000,0.000000,0.000000,0.000000,0.000000,0.000000
0.000000,0.000000,0.000000,0.000000,0.000000,0.000000,0.000000,0.000000,0.000000,0.000000,0.000000,0.000000,0.000000,0.000000,0.000000,0.000000,0.000000,0.000000,0.000000,0.000000,0.000000,0.000000,0.000000,0.000000,0.000000,0.000001,0.000001,0.000001,0.000001,0.000001,0.000001,0.000001,0.000002,0.000002,0.000002,0.000002,0.000003,0.000003,0.000003,0.000003,0.000003,0.000004,0.000004,0.000004,0.000004,0.000005,0.000005,0.000005,0.000005,0.000005,0.000005,0.000005,0.000005,0.000005,0.000005,0.000005,0.000004,0.000004,0.000004,0.000004,0.000003,0.000003,0.000003,0.000003,0.000003,0.000002,0.000002,0.000002,0.000002,0.000001,0.000001,0.000001,0.000001,0.000001,0.000001,0.000001,0.000000,0.000000,0.000000,0.000000,0.000000,0.000000,0.000000,0.000000,0.000000,0.000000,0.000000,0.000000,0.000000,0.000000,0.000000,0.000000,0.000000,0.000000,0.000000,0.000000,0.000000,0.000000,0.000000,0.000000
0.000000,0.000000,0.000000,0.000000,0.000000,0.000000,0.000000,0.000000,0.000000,0.000000,0.000000,0.000000,0.000000,0.000000,0.000000,0.000000,0.000000,0.000000,0.000000,0.000000,0.000000,0.000000,0.000000,0.000001,0.000001,0.000001,0.000001,0.000001,0.000001,0.000001,0.000002,0.000002,0.000002,0.000002,0.000003,0.000003,0.000003,0.000004,0.000004,0.000004,0.000005,0.000005,0.000005,0.000005,0.000006,0.000006,0.000006,0.000006,0.000006,0.000006,0.000006,0.000006,0.000006,0.000006,0.000006,0.000006,0.000006,0.000005,0.000005,0.000005,0.000005,0.000004,0.000004,0.000004,0.000003,0.000003,0.000003,0.000002,0.000002,0.000002,0.000002,0.000001,0.000001,0.000001,0.000001,0.000001,0.000001,0.000001,0.000000,0.000000,0.000000,0.000000,0.000000,0.000000,0.000000,0.000000,0.000000,0.000000,0.000000,0.000000,0.000000,0.000000,0.000000,0.000000,0.000000,0.000000,0.000000,0.000000,0.000000,0.000000
0.000000,0.000000,0.000000,0.000000,0.000000,0.000000,0.000000,0.000000,0.000000,0.000000,0.000000,0.000000,0.000000,0.000000,0.000000,0.000000,0.000000,0.000000,0.000000,0.000000,0.000000,0.000000,0.000001,0.000001,0.000001,0.000001,0.000001,0.000001,0.000002,0.000002,0.000002,0.000002,0.000003,0.000003,0.000003,0.000004,0.000004,0.000005,0.000005,0.000005,0.000006,0.000006,0.000007,0.000007,0.000007,0.000008,0.000008,0.000008,0.000008,0.000008,0.000008,0.000008,0.000008,0.000008,0.000008,0.000008,0.000007,0.000007,0.000007,0.000006,0.000006,0.000005,0.000005,0.000005,0.000004,0.000004,0.000003,0.000003,0.000003,0.000002,0.000002,0.000002,0.000002,0.000001,0.000001,0.000001,0.000001,0.000001,0.000001,0.000000,0.000000,0.000000,0.000000,0.000000,0.000000,0.000000,0.000000,0.000000,0.000000,0.000000,0.000000,0.000000,0.000000,0.000000,0.000000,0.000000,0.000000,0.000000,0.000000,0.000000
0.000000,0.000000,0.000000,0.000000,0.000000,0.000000,0.000000,0.000000,0.000000,0.000000,0.000000,0.000000,0.000000,0.000000,0.000000,0.000000,0.000000,0.000000,0.000000,0.000000,0.000001,0.000001,0.000001,0.000001,0.000001,0.000001,0.000002,0.000002,0.000002,0.000002,0.000003,0.000003,0.000004,0.000004,0.000004,0.000005,0.000005,0.000006,0.000007,0.000007,0.000008,0.000008,0.000009,0.000009,0.000009,0.000010,0.000010,0.000010,0.000011,0.000011,0.000011,0.000011,0.000011,0.000010,0.000010,0.000010,0.000009,0.000009,0.000009,0.000008,0.000008,0.000007,0.000007,0.000006,0.000005,0.000005,0.000004,0.000004,0.000004,0.000003,0.000003,0.000002,0.000002,0.000002,0.000002,0.000001,0.000001,0.000001,0.000001,0.000001,0.000001,0.000000,0.000000,0.000000,0.000000,0.000000,0.000000,0.000000,0.000000,0.000000,0.000000,0.000000,0.000000,0.000000,0.000000,0.000000,0.000000,0.000000,0.000000,0.000000
0.000000,0.000000,0.000000,0.000000,0.000000,0.000000,0.000000,0.000000,0.000000,0.000000,0.000000,0.000000,0.000000,0.000000,0.000000,0.000000,0.000000,0.000000,0.000000,0.000001,0.000001,0.000001,0.000001,0.000001,0.000001,0.000002,0.000002,0.000002,0.000003,0.000003,0.000004,0.000004,0.000005,0.000005,0.000006,0.000006,0.000007,0.000008,0.000008,0.000009,0.000010,0.000010,0.000011,0.000012,0.000012,0.000012,0.000013,0.000013,0.000013,0.000014,0.000014,0.000014,0.000013,0.000013,0.000013,0.000012,0.000012,0.000012,0.000011,0.000010,0.000010,0.000009,0.000008,0.000008,0.000007,0.000006,0.000006,0.000005,0.000005,0.000004,0.000004,0.000003,0.000003,0.000002,0.000002,0.000002,0.000001,0.000001,0.000001,0.000001,0.000001,0.000001,0.000000,0.000000,0.000000,0.000000,0.000000,0.000000,0.000000,0.000000,0.000000,0.000000,0.000000,0.000000,0.000000,0.000000,0.000000,0.000000,0.000000,0.000000
0.000000,0.000000,0.000000,0.000000,0.000000,0.000000,0.000000,0.000000,0.000000,0.000000,0.000000,0.000000,0.000000,0.000000,0.000000,0.000000,0.000000,0.000000,0.000001,0.000001,0.000001,0.000001,0.000001,0.000001,0.000002,0.000002,0.000002,0.000003,0.000003,0.000004,0.000004,0.000005,0.000006,0.000006,0.000007,0.000008,0.000009,0.000010,0.000011,0.000011,0.000012,0.000013,0.000014,0.000015,0.000015,0.000016,0.000016,0.000017,0.000017,0.000017,0.000017,0.000017,0.000017,0.000017,0.000016,0.000016,0.000015,0.000015,0.000014,0.000013,0.000012,0.000011,0.000011,0.000010,0.000009,0.000008,0.000007,0.000006,0.000006,0.000005,0.000004,0.000004,0.000003,0.000003,0.000002,0.000002,0.000002,0.000001,0.000001,0.000001,0.000001,0.000001,0.000001,0.000000,0.000000,0.000000,0.000000,0.000000,0.000000,0.000000,0.000000,0.000000,0.000000,0.000000,0.000000,0.000000,0.000000,0.000000,0.000000,0.000000
0.000000,0.000000,0.000000,0.000000,0.000000,0.000000,0.000000,0.000000,0.000000,0.000000,0.000000,0.000000,0.000000,0.000000,0.000000,0.000000,0.000000,0.000001,0.000001,0.000001,0.000001,0.000001,0.000002,0.000002,0.000002,0.000003,0.000003,0.000004,0.000004,0.000005,0.000006,0.000006,0.000007,0.000008,0.000009,0.000010,0.000011,0.000012,0.000013,0.000014,0.000016,0.000017,0.000018,0.000018,0.000019,0.000020,0.000021,0.000021,0.000021,0.000022,0.000022,0.000022,0.000021,0.000021,0.000021,0.000020,0.000019,0.000018,0.000018,0.000017,0.000016,0.000014,0.000013,0.000012,0.000011,0.000010,0.000009,0.000008,0.000007,0.000006,0.000006,0.000005,0.000004,0.000004,0.000003,0.000003,0.000002,0.000002,0.000002,0.000001,0.000001,0.000001,0.000001,0.000001,0.000000,0.000000,0.000000,0.000000,0.000000,0.000000,0.000000,0.000000,0.000000,0.000000,0.000000,0.000000,0.000000,0.000000,0.000000,0.000000
0.000000,0.000000,0.000000,0.000000,0.000000,0.000000,0.000000,0.000000,0.000000,0.000000,0.000000,0.000000,0.000000,0.000000,0.000000,0.000000,0.000001,0.000001,0.000001,0.000001,0.000001,0.000002,0.000002,0.000002,0.000003,0.000003,0.000004,0.000005,0.000005,0.000006,0.000007,0.000008,0.000009,0.000010,0.000011,0.000013,0.000014,0.000015,0.000017,0.000018,0.000019,0.000021,0.000022,0.000023,0.000024,0.000025,0.000026,0.000026,0.000027,0.000027,0.000027,0.000027,0.000027,0.000026,0.000026,0.000025,0.000024,0.000023,0.000022,0.000021,0.000019,0.000018,0.000017,0.000015,0.000014,0.000013,0.000011,0.000010,0.000009,0.000008,0.000007,0.000006,0.000005,0.000005,0.000004,0.000003,0.000003,0.000002,0.000002,0.000002,0.000001,0.000001,0.000001,0.000001,0.000001,0.000000,0.000000,0.000000,0.000000,0.000000,0.000000,0.000000,0.000000,0.000000,0.000000,0.000000,0.000000,0.000000,0.000000,0.000000
0.000000,0.000000,0.000000,0.000000,0.000000,0.000000,0.000000,0.000000,0.000000,0.000000,0.000000,0.000000,0.000000,0.000000,0.000000,0.000001,0.000001,0.000001,0.000001,0.000001,0.000002,0.000002,0.000002,0.000003,0.000003,0.000004,0.000005,0.000006,0.000007,0.000008,0.000009,0.000010,0.000011,0.000013,0.000014,0.000016,0.000017,0.000019,0.000021,0.000023,0.000024,0.000026,0.000027,0.000029,0.000030,0.000031,0.000032,0.000033,0.000033,0.000034,0.000034,0.000034,0.000033,0.000033,0.000032,0.000031,0.000030,0.000029,0.000027,0.000026,0.000024,0.000023,0.000021,0.000019,0.000017,0.000016,0.000014,0.000013,0.000011,0.000010,0.000009,0.000008,0.000007,0.000006,0.000005,0.000004,0.000003,0.000003,0.000002,0.000002,0.000002,0.000001,0.000001,0.000001,0.000001,0.000001,0.000000,0.000000,0.000000,0.000000,0.000000,0.000000,0.000000,0.000000,0.000000,0.000000,0.000000,0.000000,0.000000,0.000000
0.000000,0.000000,0.000000,0.000000,0.000000,0.000000,0.000000,0.000000,0.000000,0.000000,0.000000,0.000000,0.000000,0.000000,0.000001,0.000001,0.000001,0.000001,0.000001,0.000002,0.000002,0.000002,0.000003,0.000004,0.000004,0.000005,0.000006,0.000007,0.000008,0.000009,0.000011,0.000012,0.000014,0.000016,0.000018,0.000020,0.000022,0.000024,0.000026,0.000028,0.000030,0.000032,0.000034,0.000036,0.000037,0.000039,0.000040,0.000041,0.000041,0.000042,0.000042,0.000042,0.000041,0.000041,0.000040,0.000039,0.000037,0.000036,0.000034,0.000032,0.000030,0.000028,0.000026,0.000024,0.000022,0.000020,0.000018,0.000016,0.000014,0.000012,0.000011,0.000009,0.000008,0.000007,0.000006,0.000005,0.000004,0.000004,0.000003,0.000002,0.000002,0.000002,0.000001,0.000001,0.000001,0.000001,0.000001,0.000000,0.000000,0.000000,0.000000,0.000000,0.000000,0.000000,0.000000,0.000000,0.000000,0.000000,0.000000,0.000000
0.000000,0.000000,0.000000,0.000000,0.000000,0.000000,0.000000,0.000000,0.000000,0.000000,0.000000,0.000000,0.000000,0.000001,0.000001,0.000001,0.000001,0.000001,0.000002,0.000002,0.000002,0.000003,0.000004,0.000004,0.000005,0.000006,0.000007,0.000009,0.000010,0.000012,0.000013,0.000015,0.000017,0.000019,0.000022,0.000024,0.000027,0.000029,0.000032,0.000034,0.000037,0.000039,0.000041,0.000044,0.000046,0.000047,0.000049,0.000050,0.000051,0.000051,0.000052,0.000051,0.000051,0.000050,0.000049,0.000047,0.000046,0.000044,0.000041,0.000039,0.000037,0.000034,0.000032,0.000029,0.000027,0.000024,0.000022,0.000019,0.000017,0.000015,0.000013,0.000012,0.000010,0.000009,0.000007,0.000006,0.000005,0.000004,0.000004,0.000003,0.000002,0.000002,0.000002,0.000001,0.000001,0.000001,0.000001,0.000001,0.000000,0.000000,0.000000,0.000000,0.000000,0.000000,0.000000,0.000000,0.000000,0.000000,0.000000,0.000000
0.000000,0.000000,0.000000,0.000000,0.000000,0.000000,0.000000,0.000000,0.000000,0.000000,0.000000,0.000000,0.000000,0.000001,0.000001,0.000001,0.000001,0.000002,0.000002,0.000002,0.000003,0.000004,0.000004,0.000005,0.000006,0.000008,0.000009,0.000010,0.000012,0.000014,0.000016,0.000019,0.000021,0.000024,0.000026,0.000029,0.000032,0.000035,0.000039,0.000042,0.000045,0.000048,0.000051,0.000053,0.000056,0.000058,0.000060,0.000061,0.000062,0.000063,0.000063,0.000063,0.000062,0.000061,0.000060,0.000058,0.000056,0.000053,0.000051,0.000048,0.000045,0.000042,0.000039,0.000035,0.000032,0.000029,0.000026,0.000024,0.000021,0.000019,0.000016,0.000014,0.000012,0.000010,0.000009,0.000008,0.000006,0.000005,0.000004,0.000004,0.000003,0.000002,0.000002,0.000002,0.000001,0.000001,0.000001,0.000001,0.000000,0.000000,0.000000,0.000000,0.000000,0.000000,0.000000,0.000000,0.000000,0.000000,0.000000,0.000000
0.000000,0.000000,0.000000,0.000000,0.000000,0.000000,0.000000,0.000000,0.000000,0.000000,0.000000,0.000000,0.000001,0.000001,0.000001,0.000001,0.000002,0.000002,0.000002,0.000003,0.000004,0.000004,0.000005,0.000006,0.000008,0.000009,0.000011,0.000013,0.000015,0.000017,0.000020,0.000022,0.000025,0.000029,0.000032,0.000036,0.000039,0.000043,0.000047,0.000051,0.000054,0.000058,0.000061,0.000064,0.000067,0.000070,0.000072,0.000074,0.000075,0.000076,0.000076,0.000076,0.000075,0.000074,0.000072,0.000070,0.000067,0.000064,0.000061,0.000058,0.000054,0.000051,0.000047,0.000043,0.000039,0.000036,0.000032,0.000029,0.000025,0.000022,0.000020,0.000017,0.000015,0.000013,0.000011,0.000009,0.000008,0.000006,0.000005,0.000004,0.000004,0.000003,0.000002,0.000002,0.000002,0.000001,0.000001,0.000001,0.000001,0.000000,0.000000,0.000000,0.000000,0.000000,0.000000,0.000000,0.000000,0.000000,0.000000,0.000000
0.000000,0.000000,0.000000,0.000000,0.000000,0.000000,0.000000,0.000000,0.000000,0.000000,0.000000,0.000001,0.000001,0.000001,0.000001,0.000001,0.000002,0.000002,0.000003,0.000004,0.000004,0.000005,0.000006,0.000008,0.000009,0.000011,0.000013,0.000015,0.000018,0.000021,0.000024,0.000027,0.000031,0.000034,0.000039,0.000043,0.000047,0.000052,0.000056,0.000061,0.000065,0.000070,0.000074,0.000078,0.000081,0.000084,0.000087,0.000089,0.000090,0.000091,0.000092,0.000091,0.000090,0.000089,0.000087,0.000084,0.000081,0.000078,0.000074,0.000070,0.000065,0.000061,0.000056,0.000052,0.000047,0.000043,0.000039,0.000034,0.000031,0.000027,0.000024,0.000021,0.000018,0.000015,0.000013,0.000011,0.000009,0.000008,0.000006,0.000005,0.000004,0.000004,0.000003,0.000002,0.000002,0.000001,0.000001,0.000001,0.000001,0.000001,0.000000,0.000000,0.000000,0.000000,0.000000,0.000000,0.000000,0.000000,0.000000,0.000000
0.000000,0.000000,0.000000,0.000000,0.000000,0.000000,0.000000,0.000000,0.000000,0.000000,0.000000,0.000001,0.000001,0.000001,0.000001,0.000002,0.000002,0.000003,0.000003,0.000004,0.000005,0.000006,0.000008,0.000009,0.000011,0.000013,0.000016,0.000018,0.000021,0.000025,0.000028,0.000032,0.000037,0.000041,0.000046,0.000051,0.000056,0.000062,0.000067,0.000073,0.000078,0.000083,0.000088,0.000093,0.000097,0.000101,0.000104,0.000106,0.000108,0.000109,0.000110,0.000109,0.000108,0.000106,0.000104,0.000101,0.000097,0.000093,0.000088,0.000083,0.000078,0.000073,0.000067,0.000062,0.000056,0.000051,0.000046,0.000041,0.000037,0.000032,0.000028,0.000025,0.000021,0.000018,0.000016,0.000013,0.000011,0.000009,0.000008,0.000006,0.000005,0.000004,0.000003,0.000003,0.000002,0.000002,0.000001,0.000001,0.000001,0.000001,0.000000,0.000000,0.000000,0.000000,0.000000,0.000000,0.000000,0.000000,0.000000,0.000000
0.000000,0.000000,0.000000,0.000000,0.000000,0.000000,0.000000,0.000000,0.000000,0.000000,0.000001,0.000001,0.000001,0.000001,0.000002,0.000002,0.000003,0.000003,0.000004,0.000005,0.000006,0.000008,0.000009,0.000011,0.000013,0.000016,0.000019,0.000022,0.000025,0.000029,0.000034,0.000038,0.000043,0.000049,0.000055,0.000061,0.000067,0.000073,0.000080,0.000086,0.000093,0.000099,0.000105,0.000110,0.000115,0.000120,0.000123,0.000126,0.000128,0.000130,0.000130,0.000130,0.000128,0.000126,0.000123,0.000120,0.000115,0.000110,0.000105,0.000099,0.000093,0.000086,0.000080,0.000073,0.000067,0.000061,0.000055,0.000049,0.000043,0.000038,0.000034,0.000029,0.000025,0.000022,0.000019,0.000016,0.000013,0.000011,0.000009,0.000008,0.000006,0.000005,0.000004,0.000003,0.000003,0.000002,0.000002,0.000001,0.000001,0.000001,0.000001,0.000000,0.000000,0.000000,0.000000,0.000000,0.000000,0.000000,0.000000,0.000000
0.000000,0.000000,0.000000,0.000000,0.000000,0.000000,0.000000,0.000000,0.000000,0.000001,0.000001,0.000001,0.000001,0.000002,0.000002,0.000002,0.000003,0.000004,0.000005,0.000006,0.000007,0.000009,0.000011,0.000013,0.000016,0.000019,0.000022,0.000026,0.000030,0.000035,0.000040,0.000045,0.000051,0.000058,0.000065,0.000072,0.000079,0.000087,0.000094,0.000102,0.000109,0.000117,0.000124,0.000130,0.000136,0.000141,0.000145,0.000149,0.000151,0.000153,0.000154,0.000153,0.000151,0.000149,0.000145,0.000141,0.000136,0.000130,0.000124,0.000117,0.000109,0.000102,0.000094,0.000087,0.000079,0.000072,0.000065,0.000058,0.000051,0.000045,0.000040,0.000035,0.000030,0.000026,0.000022,0.000019,0.000016,0.000013,0.000011,0.000009,0.000007,0.000006,0.000005,0.000004,0.000003,0.000002,0.000002,0.000002,0.000001,0.000001,0.000001,0.000001,0.000000,0.000000,0.000000,0.000000,0.000000,0.000000,0.000000,0.000000
0.000000,0.000000,0.000000,0.000000,0.000000,0.000000,0.000000,0.000000,0.000000,0.000001,0.000001,0.000001,0.000001,0.000002,0.000002,0.000003,0.000004,0.000005,0.000006,0.000007,0.000009,0.000010,0.000013,0.000015,0.000018,0.000022,0.000026,0.000030,0.000035,0.000040,0.000046,0.000053,0.000060,0.000068,0.000076,0.000084,0.000093,0.000101,0.000110,0.000119,0.000128,0.000137,0.000145,0.000152,0.000159,0.000165,0.000170,0.000175,0.000177,0.000179,0.000180,0.000179,0.000177,0.000175,0.000170,0.000165,0.000159,0.000152,0.000145,0.000137,0.000128,0.000119,0.000110,0.000101,0.000093,0.000084,0.000076,0.000068,0.000060,0.000053,0.000046,0.000040,0.000035,0.000030,0.000026,0.000022,0.000018,0.000015,0.000013,0.000010,0.000009,0.000007,0.000006,0.000005,0.000004,0.000003,0.000002,0.000002,0.000001,0.000001,0.000001,0.000001,0.000000,0.000000,0.000000,0.000000,0.000000,0.000000,0.000000,0.000000
0.000000,0.000000,0.000000,0.000000,0.000000,0.000000,0.000000,0.000000,0.000001,0.000001,0.000001,0.000001,0.000002,0.000002,0.000003,0.000003,0.000004,0.000005,0.000007,0.000008,0.000010,0.000012,0.000015,0.000018,0.000021,0.000025,0.000030,0.000035,0.000041,0.000047,0.000054,0.000062,0.000070,0.000079,0.000088,0.000098,0.000108,0.000118,0.000129,0.000139,0.000149,0.000159,0.000169,0.000177,0.000185,0.000192,0.000198,0.000203,0.000207,0.000209,0.000209,0.000209,0.000207,0.000203,0.000198,0.000192,0.000185,0.000177,0.000169,0.000159,0.000149,0.000139,0.000129,0.000118,0.000108,0.000098,0.000088,0.000079,0.000070,0.000062,0.000054,0.000047,0.000041,0.000035,0.000030,0.000025,0.000021,0.000018,0.000015,0.000012,0.000010,0.000008,0.000007,0.000005,0.000004,0.000003,0.000003,0.000002,0.000002,0.000001,0.000001,0.000001,0.000001,0.000000,0.000000,0.000000,0.000000,0.000000,0.000000,0.000000
0.000000,0.000000,0.000000,0.000000,0.000000,0.000000,0.000000,0.000000,0.000001,0.000001,0.000001,0.000001,0.000002,0.000002,0.000003,0.000004,0.000005,0.000006,0.000008,0.000009,0.000012,0.000014,0.000017,0.000021,0.000025,0.000029,0.000035,0.000040,0.000047,0.000054,0.000063,0.000071,0.000081,0.000091,0.000102,0.000113,0.000125,0.000137,0.000149,0.000161,0.000173,0.000184,0.000195,0.000205,0.000214,0.000223,0.000229,0.000235,0.000239,0.000241,0.000242,0.000241,0.000239,0.000235,0.000229,0.000223,0.000214,0.000205,0.000195,0.000184,0.000173,0.000161,0.000149,0.000137,0.000125,0.000113,0.000102,0.000091,0.000081,0.000071,0.000063,0.000054,0.000047,0.000040,0.000035,0.000029,0.000025,0.000021,0.000017,0.000014,0.000012,0.000009,0.000008,0.000006,0.000005,0.000004,0.000003,0.000002,0.000002,0.000001,0.000001,0.000001,0.000001,0.000000,0.000000,0.000000,0.000000,0.000000,0.000000,0.000000
0.000000,0.000000,0.000000,0.000000,0.000000,0.000000,0.000000,0.000001,0.000001,0.000001,0.000001,0.000002,0.000002,0.000003,0.000004,0.000004,0.000006,0.000007,0.000009,0.000011,0.000013,0.000016,0.000020,0.000024,0.000028,0.000034,0.000040,0.000046,0.000054,0.000063,0.000072,0.000082,0.000093,0.000105,0.000117,0.000130,0.000143,0.000157,0.000171,0.000185,0.000198,0.000211,0.000224,0.000236,0.000246,0.000256,0.000263,0.000270,0.000274,0.000277,0.000278,0.000277,0.000274,0.000270,0.000263,0.000256,0.000246,0.000236,0.000224,0.000211,0.000198,0.000185,0.000171,0.000157,0.000143,0.000130,0.000117,0.000105,0.000093,0.000082,0.000072,0.000063,0.000054,0.000046,0.000040,0.000034,0.000028,0.000024,0.000020,0.000016,0.000013,0.000011,0.000009,0.000007,0.000006,0.000004,0.000004,0.000003,0.000002,0.000002,0.000001,0.000001,0.000001,0.000001,0.000000,0.000000,0.000000,0.000000,0.000000,0.000000
0.000000,0.000000,0.000000,0.000000,0.000000,0.000000,0.000000,0.000001,0.000001,0.000001,0.000001,0.000002,0.000002,0.000003,0.000004,0.000005,0.000006,0.000008,0.000010,0.000012,0.000015,0.000019,0.000022,0.000027,0.000032,0.000038,0.000045,0.000053,0.000062,0.000071,0.000082,0.000094,0.000106,0.000119,0.000133,0.000148,0.000163,0.000179,0.000195,0.000211,0.000226,0.000241,0.000255,0.000269,0.000281,0.000292,0.000301,0.000308,0.000313,0.000316,0.000317,0.000316,0.000313,0.000308,0.000301,0.000292,0.000281,0.000269,0.000255,0.000241,0.000226,0.000211,0.000195,0.000179,0.000163,0.000148,0.000133,0.000119,0.000106,0.000094,0.000082,0.000071,0.000062,0.000053,0.000045,0.000038,0.000032,0.000027,0.000022,0.000019,0.000015,0.000012,0.000010,0.000008,0.000006,0.000005,0.000004,0.000003,0.000002,0.000002,0.000001,0.000001,0.000001,0.000001,0.000000,0.000000,0.000000,0.000000,0.000000,0.000000
0.000000,0.000000,0.000000,0.000000,0.000000,0.000000,0.000001,0.000001,0.000001,0.000001,0.000002,0.000002,0.000003,0.000004,0.000005,0.000006,0.000007,0.000009,0.000011,0.000014,0.000017,0.000021,0.000025,0.000031,0.000037,0.000043,0.000051,0.000060,0.000070,0.000081,0.000093,0.000106,0.000120,0.000135,0.000151,0.000168,0.000185,0.000203,0.000221,0.000239,0.000256,0.000273,0.000290,0.000305,0.000318,0.000330,0.000341,0.000349,0.000355,0.000358,0.000360,0.000358,0.000355,0.000349,0.000341,0.000330,0.000318,0.000305,0.000290,0.000273,0.000256,0.000239,0.000221,0.000203,0.000185,0.000168,0.000151,0.000135,0.000120,0.000106,0.000093,0.000081,0.000070,0.000060,0.000051,0.000043,0.000037,0.000031,0.000025,0.000021,0.000017,0.000014,0.000011,0.000009,0.000007,0.000006,0.000005,0.000004,0.000003,0.000002,0.000002,0.000001,0.000001,0.000001,0.000001,0.000000,0.000000,0.000000,0.000000,0.000000
0.000000,0.000000,0.000000,0.000000,0.000000,0.000000,0.000001,0.000001,0.000001,0.000001,0.000002,0.000002,0.000003,0.000004,0.000005,0.000006,0.000008,0.000010,0.000013,0.000016,0.000019,0.000024,0.000029,0.000034,0.000041,0.000049,0.000058,0.000068,0.000079,0.000091,0.000105,0.000119,0.000135,0.000152,0.000170,0.000189,0.000208,0.000228,0.000249,0.000269,0.000288,0.000308,0.000326,0.000343,0.000358,0.000372,0.000383,0.000393,0.000399,0.000403,0.000405,0.000403,0.000399,0.000393,0.000383,0.000372,0.000358,0.000343,0.000326,0.000308,0.000288,0.000269,0.000249,0.000228,0.000208,0.000189,0.000170,0.000152,0.000135,0.000119,0.000105,0.000091,0.000079,0.000068,0.000058,0.000049,0.000041,0.000034,0.000029,0.000024,0.000019,0.000016,0.000013,0.000010,0.000008,0.000006,0.000005,0.000004,0.000003,0.000002,0.000002,0.000001,0.000001,0.000001,0.000001,0.000000,0.000000,0.000000,0.000000,0.000000
0.000000,0.000000,0.000000,0.000000,0.000000,0.000000,0.000001,0.000001,0.000001,0.000002,0.000002,0.000003,0.000003,0.000004,0.000006,0.000007,0.000009,0.000011,0.000014,0.000018,0.000022,0.000026,0.000032,0.000039,0.000046,0.000055,0.000065,0.000076,0.000088,0.000102,0.000117,0.000133,0.000151,0.000170,0.000190,0.000211,0.000233,0.000255,0.000278,0.000300,0.000323,0.000344,0.000364,0.000383,0.000401,0.000416,0.000429,0.000439,0.000447,0.000451,0.000453,0.000451,0.000447,0.000439,0.000429,0.000416,0.000401,0.000383,0.000364,0.000344,0.000323,0.000300,0.000278,0.000255,0.000233,0.000211,0.000190,0.000170,0.000151,0.000133,0.000117,0.000102,0.000088,0.000076,0.000065,0.000055,0.000046,0.000039,0.000032,0.000026,0.000022,0.000018,0.000014,0.000011,0.000009,0.000007,0.000006,0.000004,0.000003,0.000003,0.000002,0.000002,0.000001,0.000001,0.000001,0.000000,0.000000,0.000000,0.000000,0.000000
0.000000,0.000000,0.000000,0.000000,0.000000,0.000001,0.000001,0.000001,0.000001,0.000002,0.000002,0.000003,0.000004,0.000005,0.000006,0.000008,0.000010,0.000013,0.000016,0.000020,0.000024,0.000029,0.000036,0.000043,0.000051,0.000061,0.000072,0.000084,0.000098,0.000113,0.000130,0.000148,0.000168,0.000189,0.000211,0.000235,0.000259,0.000284,0.000309,0.000334,0.000358,0.000382,0.000405,0.000426,0.000445,0.000462,0.000476,0.000488,0.000496,0.000501,0.000503,0.000501,0.000496,0.000488,0.000476,0.000462,0.000445,0.000426,0.000405,0.000382,0.000358,0.000334,0.000309,0.000284,0.000259,0.000235,0.000211,0.000189,0.000168,0.000148,0.000130,0.000113,0.000098,0.000084,0.000072,0.000061,0.000051,0.000043,0.000036,0.000029,0.000024,0.000020,0.000016,0.000013,0.000010,0.000008,0.000006,0.000005,0.000004,0.000003,0.000002,0.000002,0.000001,0.000001,0.000001,0.000001,0.000000,0.000000,0.000000,0.000000
0.000000,0.000000,0.000000,0.000000,0.000000,0.000001,0.000001,0.000001,0.000001,0.000002,0.000003,0.000003,0.000004,0.000005,0.000007,0.000009,0.000011,0.000014,0.000017,0.000022,0.000027,0.000032,0.000039,0.000047,0.000056,0.000067,0.000079,0.000093,0.000108,0.000125,0.000143,0.000163,0.000185,0.000208,0.000233,0.000259,0.000286,0.000313,0.000340,0.000368,0.000395,0.000421,0.000446,0.000470,0.000491,0.000510,0.000525,0.000538,0.000547,0.000553,0.000555,0.000553,0.000547,0.000538,0.000525,0.000510,0.000491,0.000470,0.000446,0.000421,0.000395,0.000368,0.000340,0.000313,0.000286,0.000259,0.000233,0.000208,0.000185,0.000163,0.000143,0.000125,0.000108,0.000093,0.000079,0.000067,0.000056,0.000047,0.000039,0.000032,0.000027,0.000022,0.000017,0.000014,0.000011,0.000009,0.000007,0.000005,0.000004,0.000003,0.000003,0.000002,0.000001,0.000001,0.000001,0.000001,0.000000,0.000000,0.000000,0.000000
0.000000,0.000000,0.000000,0.000000,0.000000,0.000001,0.000001,0.000001,0.000002,0.000002,0.000003,0.000004,0.000005,0.000006,0.000008,0.000010,0.000012,0.000015,0.000019,0.000024,0.000029,0.000035,0.000043,0.000052,0.000062,0.000073,0.000087,0.000101,0.000118,0.000137,0.000157,0.000179,0.000203,0.000228,0.000255,0.000284,0.000313,0.000343,0.000373,0.000403,0.000433,0.000462,0.000489,0.000515,0.000538,0.000558,0.000576,0.000589,0.000599,0.000606,0.000608,0.000606,0.000599,0.000589,0.000576,0.000558,0.000538,0.000515,0.000489,0.000462,0.000433,0.000403,0.000373,0.000343,0.000313,0.000284,0.000255,0.000228,0.000203,0.000179,0.000157,0.000137,0.000118,0.000101,0.000087,0.000073,0.000062,0.000052,0.000043,0.000035,0.000029,0.000024,0.000019,0.000015,0.000012,0.000010,0.000008,0.000006,0.000005,0.000004,0.000003,0.000002,0.000002,0.000001,0.000001,0.000001,0.000000,0.000000,0.000000,0.000000
0.000000,0.000000,0.000000,0.000000,0.000000,0.000001,0.000001,0.000001,0.000002,0.000002,0.000003,0.000004,0.000005,0.000007,0.000008,0.000011,0.000013,0.000017,0.000021,0.000026,0.000032,0.000039,0.000047,0.000056,0.000067,0.000080,0.000094,0.000110,0.000129,0.000149,0.000171,0.000195,0.000221,0.000249,0.000278,0.000309,0.000340,0.000373,0.000406,0.000439,0.000471,0.000503,0.000532,0.000560,0.000585,0.000608,0.000626,0.000641,0.000652,0.000659,0.000661,0.000659,0.000652,0.000641,0.000626,0.000608,0.000585,0.000560,0.000532,0.000503,0.000471,0.000439,0.000406,0.000373,0.000340,0.000309,0.000278,0.000249,0.000221,0.000195,0.000171,0.000149,0.000129,0.000110,0.000094,0.000080,0.000067,0.000056,0.000047,0.000039,0.000032,0.000026,0.000021,0.000017,0.000013,0.000011,0.000008,0.000007,0.000005,0.000004,0.000003,0.000002,0.000002,0.000001,0.000001,0.000001,0.000000,0.000000,0.000000,0.000000
0.000000,0.000000,0.000000,0.000000,0.000001,0.000001,0.000001,0.000001,0.000002,0.000002,0.000003,0.000004,0.000005,0.000007,0.000009,0.000011,0.000014,0.000018,0.000023,0.000028,0.000034,0.000042,0.000051,0.000061,0.000073,0.000086,0.000102,0.000119,0.000139,0.000161,0.000185,0.000211,0.000239,0.000269,0.000300,0.000334,0.000368,0.000403,0.000439,0.000474,0.000509,0.000543,0.000575,0.000606,0.000633,0.000657,0.000677,0.000693,0.000705,0.000712,0.000715,0.000712,0.000705,0.000693,0.000677,0.000657,0.000633,0.000606,0.000575,0.000543,0.000509,0.000474,0.000439,0.000403,0.000368,0.000334,0.000300,0.000269,0.000239,0.000211,0.000185,0.000161,0.000139,0.000119,0.000102,0.000086,0.000073,0.000061,0.000051,0.000042,0.000034,0.000028,0.000023,0.000018,0.000014,0.000011,0.000009,0.000007,0.000005,0.000004,0.000003,0.000002,0.000002,0.000001,0.000001,0.000001,0.000000,0.000000,0.000000,0.000000
0.000000,0.000000,0.000000,0.000000,0.000001,0.000001,0.000001,0.000002,0.000002,0.000003,0.000003,0.000005,0.000006,0.000008,0.000010,0.000012,0.000016,0.000019,0.000024,0.000030,0.000037,0.000045,0.000054,0.000065,0.000078,0.000093,0.000109,0.000128,0.000149,0.000173,0.000198,0.000226,0.000256,0.000288,0.000323,0.000358,0.000395,0.000433,0.000471,0.000509,0.000547,0.000583,0.000618,0.000650,0.000679,0.000705,0.000727,0.000745,0.000757,0.000765,0.000768,0.000765,0.000757,0.000745,0.000727,0.000705,0.000679,0.000650,0.000618,0.000583,0.000547,0.000509,0.000471,0.000433,0.000395,0.000358,0.000323,0.000288,0.000256,0.000226,0.000198,0.000173,0.000149,0.000128,0.000109,0.000093,0.000078,0.000065,0.000054,0.000045,0.000037,0.000030,0.000024,0.000019,0.000016,0.000012,0.000010,0.000008,0.000006,0.000005,0.000003,0.000003,0.000002,0.000001,0.000001,0.000001,0.000001,0.000000,0.000000,0.000000
0.000000,0.000000,0.000000,0.000000,0.000001,0.000001,0.000001,0.000002,0.000002,0.000003,0.000004,0.000005,0.000006,0.000008,0.000010,0.000013,0.000017,0.000021,0.000026,0.000032,0.000039,0.000048,0.000058,0.000070,0.000083,0.000099,0.000117,0.000137,0.000159,0.000184,0.000211,0.000241,0.000273,0.000308,0.000344,0.000382,0.000421,0.000462,0.000503,0.000543,0.000583,0.000622,0.000659,0.000693,0.000725,0.000752,0.000775,0.000794,0.000808,0.000816,0.000819,0.000816,0.000808,0.000794,0.000775,0.000752,0.000725,0.000693,0.000659,0.000622,0.000583,0.000543,0.000503,0.000462,0.000421,0.000382,0.000344,0.000308,0.000273,0.000241,0.000211,0.000184,0.000159,0.000137,0.000117,0.000099,0.000083,0.000070,0.000058,0.000048,0.000039,0.000032,0.000026,0.000021,0.000017,0.000013,0.000010,0.000008,0.000006,0.000005,0.000004,0.000003,0.000002,0.000002,0.000001,0.000001,0.000001,0.000000,0.000000,0.000000
0.000000,0.000000,0.000000,0.000000,0.000001,0.000001,0.000001,0.000002,0.000002,0.000003,0.000004,0.000005,0.000007,0.000009,0.000011,0.000014,0.000018,0.000022,0.000027,0.000034,0.000041,0.000051,0.000061,0.000074,0.000088,0.000105,0.000124,0.000145,0.000169,0.000195,0.000224,0.000255,0.000290,0.000326,0.000364,0.000405,0.000446,0.000489,0.000532,0.000575,0.000618,0.000659,0.000698,0.000734,0.000768,0.000797,0.000821,0.000841,0.000855,0.000864,0.000867,0.000864,0.000855,0.000841,0.000821,0.000797,0.000768,0.000734,0.000698,0.000659,0.000618,0.000575,0.000532,0.000489,0.000446,0.000405,0.000364,0.000326,0.000290,0.000255,0.000224,0.000195,0.000169,0.000145,0.000124,0.000105,0.000088,0.000074,0.000061,0.000051,0.000041,0.000034,0.000027,0.000022,0.000018,0.000014,0.000011,0.000009,0.000007,0.000005,0.000004,0.000003,0.000002,0.000002,0.000001,0.000001,0.000001,0.000000,0.000000,0.000000
0.000000,0.000000,0.000000,0.000000,0.000001,0.000001,0.000001,0.000002,0.000002,0.000003,0.000004,0.000005,0.000007,0.000009,0.000012,0.000015,0.000018,0.000023,0.000029,0.000036,0.000044,0.000053,0.000064,0.000078,0.000093,0.000110,0.000130,0.000152,0.000177,0.000205,0.000236,0.000269,0.000305,0.000343,0.000383,0.000426,0.000470,0.000515,0.000560,0.000606,0.000650,0.000693,0.000734,0.000773,0.000808,0.000838,0.000864,0.000885,0.000900,0.000909,0.000912,0.000909,0.000900,0.000885,0.000864,0.000838,0.000808,0.000773,0.000734,0.000693,0.000650,0.000606,0.000560,0.000515,0.000470,0.000426,0.000383,0.000343,0.000305,0.000269,0.000236,0.000205,0.000177,0.000152,0.000130,0.000110,0.000093,0.000078,0.000064,0.000053,0.000044,0.000036,0.000029,0.000023,0.000018,0.000015,0.000012,0.000009,0.000007,0.000005,0.000004,0.000003,0.000002,0.000002,0.000001,0.000001,0.000001,0.000000,0.000000,0.000000
